7 0.9919 43.33 1.48 82.35 42.30
7 0.9907 238.16 1.40 277.45 42.41
0 0.9884 277.17 241.30 317.70 281.15
0 0.9881 82.39 241.22 121.51 281.15
0 0.9873 121.45 241.36 160.18 281.12
2 0.9872 82.40 281.11 121.49 320.00
4 0.9872 121.51 1.86 160.28 42.22
0 0.9872 43.38 241.34 82.39 281.18
0 0.9871 238.02 241.26 277.22 281.15
3 0.9871 277.14 281.15 317.70 319.99
6 0.9870 238.20 42.40 277.37 82.14
6 0.9868 160.32 42.34 199.04 82.14
9 0.9866 1.86 1.95 43.35 42.40
6 0.9864 43.31 42.24 82.47 82.12
0 0.9864 1.59 241.25 43.47 281.17
8 0.9863 198.98 1.17 238.17 42.28
6 0.9862 2.01 122.07 43.40 161.80
1 0.9861 43.21 281.14 82.42 319.99
2 0.9861 198.83 281.05 238.17 320.00
6 0.9860 277.22 42.29 317.29 82.14
3 0.9858 1.70 281.20 43.25 320.00
5 0.9854 198.90 241.31 238.02 281.08
11 0.9852 160.23 1.13 199.14 42.37
9 0.9845 277.41 1.65 317.18 42.28
8 0.9837 121.46 281.08 160.38 320.00
1 0.9826 238.15 281.14 277.19 319.98
