7 0.9931 237.74 1.46 277.02 42.51
7 0.9916 43.32 1.29 82.22 42.40
5 0.9891 160.09 281.18 198.83 320.00
10 0.9890 121.27 1.87 160.08 42.45
0 0.9888 276.84 241.36 319.13 281.09
0 0.9883 198.78 241.34 237.70 281.07
6 0.9883 198.79 82.19 237.65 121.96
11 0.9882 159.98 0.97 198.92 42.44
6 0.9882 1.45 42.49 43.32 82.13
6 0.9881 82.29 42.44 121.27 82.14
9 0.9880 1.23 1.83 43.30 42.51
6 0.9877 159.99 121.99 198.80 161.77
0 0.9874 237.71 241.31 276.83 281.07
8 0.9873 82.17 0.81 121.35 42.50
0 0.9871 159.93 161.75 198.88 201.49
6 0.9870 237.90 42.43 276.92 82.08
6 0.9868 43.24 42.35 82.31 82.10
0 0.9868 121.24 241.32 159.98 281.11
6 0.9867 276.84 42.34 318.43 82.19
0 0.9867 43.32 241.36 82.20 281.15
6 0.9866 121.21 42.41 160.20 82.15
8 0.9864 198.83 0.65 237.73 42.35
2 0.9864 82.18 281.06 121.17 319.99
3 0.9863 276.79 281.05 318.59 319.94
9 0.9863 276.94 1.56 318.42 42.37
0 0.9861 82.17 241.24 121.24 281.05
2 0.9861 198.70 280.99 237.98 319.97
0 0.9861 1.50 241.30 43.40 281.23
4 0.9853 121.09 281.11 160.17 320.00
1 0.9839 43.17 281.04 82.26 320.00
3 0.9837 1.30 281.22 43.21 320.00
1 0.9827 238.00 281.01 276.82 319.98
