0 0.9878 198.87 201.53 238.17 241.31
1 0.9877 43.17 281.15 82.41 319.98
0 0.9874 198.93 241.28 238.13 281.16
0 0.9868 43.35 241.32 82.31 281.19
3 0.9866 277.35 2.03 317.12 42.25
0 0.9862 121.37 121.86 160.24 161.74
8 0.9861 43.37 161.76 82.26 201.51
0 0.9860 1.71 241.23 43.45 281.18
3 0.9859 1.75 281.20 43.23 320.00
11 0.9857 198.80 82.06 237.86 121.85
6 0.9855 277.15 42.24 317.38 82.05
6 0.9855 198.67 42.27 238.06 82.07
6 0.9853 43.30 82.11 82.33 121.86
6 0.9852 43.16 42.20 82.39 82.11
6 0.9852 2.32 42.40 43.26 82.13
0 0.9851 277.48 241.25 317.06 281.06
0 0.9848 82.28 241.19 121.46 281.22
5 0.9827 82.39 281.20 121.40 320.00
