5 0.9912 196.62 236.27 233.13 273.22
3 0.9895 268.99 11.46 308.30 51.02
0 0.9873 5.76 236.18 51.72 272.97
1 0.9869 88.08 199.63 124.40 236.29
2 0.9869 51.73 161.90 87.98 199.22
1 0.9852 196.75 87.69 233.10 125.11
0 0.9847 88.17 236.27 124.11 273.14
2 0.9842 160.43 162.14 196.64 199.24
1 0.9839 159.67 125.14 196.95 162.04
1 0.9832 123.99 161.72 160.44 199.33
0 0.9820 196.89 125.09 232.94 161.70
1 0.9812 160.31 87.96 196.87 125.11
1 0.9808 51.79 273.14 88.11 310.60
2 0.9796 124.40 273.29 159.87 310.60
1 0.9794 51.78 236.11 88.08 273.14
2 0.9789 88.05 273.21 124.41 311.08
5 0.9785 232.16 51.11 269.05 88.65
10 0.9764 88.13 12.19 124.32 50.93
1 0.9763 51.68 11.92 88.09 50.90
0 0.9759 233.19 236.29 268.80 272.80
6 0.9736 124.23 50.63 159.96 87.89
6 0.9687 232.98 161.93 268.90 199.23
2 0.9665 7.14 273.00 51.78 310.77
2 0.9660 9.34 11.57 51.73 50.78
1 0.9338 160.22 11.66 196.86 50.86
7 0.9206 160.42 11.73 196.83 50.92
