0 0.9886 276.99 241.30 317.94 281.16
7 0.9886 198.90 82.17 237.98 121.86
0 0.9882 82.26 241.21 121.43 281.15
0 0.9878 198.75 241.34 237.96 281.06
0 0.9875 237.90 241.25 277.04 281.14
3 0.9874 276.94 281.15 317.95 319.99
2 0.9872 82.30 281.11 121.40 320.00
0 0.9869 43.39 161.84 82.31 201.57
0 0.9869 121.36 241.35 160.19 281.16
3 0.9868 43.42 1.85 82.30 42.29
6 0.9867 160.34 122.01 199.05 161.77
6 0.9867 238.19 42.42 277.30 82.16
0 0.9867 43.42 241.33 82.25 281.17
6 0.9865 82.52 42.32 121.58 82.10
6 0.9862 43.40 42.23 82.52 82.11
6 0.9860 277.13 42.31 317.40 82.13
6 0.9856 198.92 42.29 238.22 82.18
6 0.9855 160.19 161.73 199.00 201.61
2 0.9854 198.70 281.01 238.02 320.00
11 0.9850 121.53 1.10 160.23 42.22
1 0.9847 43.33 281.12 82.33 320.00
9 0.9839 277.38 1.73 317.21 42.28
5 0.9834 160.40 281.18 198.82 320.00
1 0.9817 238.04 281.15 277.00 319.97
