7 0.9895 82.52 82.11 121.47 121.98
0 0.9882 82.19 241.17 121.35 281.17
3 0.9879 276.79 281.11 318.86 320.00
0 0.9876 198.63 241.34 237.84 281.06
0 0.9873 237.79 241.25 276.86 281.14
0 0.9872 121.23 241.35 159.98 281.17
0 0.9872 277.06 161.75 317.46 201.48
2 0.9868 82.23 281.13 121.36 320.00
6 0.9864 238.07 42.40 277.15 82.16
11 0.9864 121.47 42.21 160.12 82.11
6 0.9862 276.96 121.91 317.38 161.71
6 0.9861 198.72 82.13 237.85 121.98
6 0.9861 82.55 42.35 121.55 82.15
6 0.9861 43.26 42.22 82.54 82.13
6 0.9861 1.95 82.08 43.45 122.07
6 0.9856 198.66 42.29 238.09 82.13
2 0.9852 198.60 281.01 237.92 320.00
0 0.9850 1.85 161.67 43.42 201.53
9 0.9850 2.13 1.96 43.26 42.36
9 0.9835 277.28 1.81 317.66 42.25
5 0.9834 160.21 281.18 198.73 320.00
1 0.9820 237.96 281.15 276.84 319.97
8 0.9817 1.43 281.31 43.25 320.00
