7 0.9910 237.98 1.56 277.34 42.38
7 0.9906 43.54 161.77 82.31 201.52
0 0.9879 198.75 241.34 237.79 281.04
8 0.9873 82.22 1.43 121.30 42.36
0 0.9870 277.12 161.73 317.50 201.52
0 0.9868 237.76 241.25 276.88 281.08
6 0.9867 2.39 42.42 43.41 82.08
6 0.9866 160.28 121.97 198.97 161.74
6 0.9865 237.98 42.34 277.22 82.09
1 0.9865 43.44 201.43 82.33 241.24
9 0.9865 2.24 2.15 43.36 42.40
6 0.9862 82.43 42.31 121.43 82.09
3 0.9862 276.82 281.13 318.74 320.00
0 0.9861 160.07 241.21 198.92 281.16
6 0.9860 277.10 42.29 317.37 82.12
0 0.9860 1.81 241.21 43.52 281.16
2 0.9860 198.75 280.99 237.85 320.00
0 0.9858 121.37 201.49 160.18 241.24
6 0.9856 198.87 42.30 238.00 82.11
6 0.9856 43.32 42.20 82.46 82.17
8 0.9852 82.28 281.18 121.43 320.00
5 0.9847 82.33 241.16 121.40 281.18
11 0.9847 160.19 1.14 199.06 42.39
9 0.9846 277.31 1.76 317.27 42.26
3 0.9838 2.06 281.18 43.25 320.00
