7 0.9915 43.20 1.33 82.21 42.30
8 0.9892 198.94 1.18 238.00 42.32
0 0.9886 277.18 241.27 317.69 281.13
10 0.9880 121.34 1.73 160.19 42.31
2 0.9878 82.35 281.12 121.36 320.00
0 0.9878 198.73 241.32 238.05 281.05
6 0.9876 121.47 82.15 160.26 121.90
3 0.9872 277.09 281.14 317.75 319.99
0 0.9872 121.43 161.83 160.24 201.57
9 0.9871 2.11 2.08 43.21 42.42
0 0.9870 43.36 241.35 82.29 281.18
6 0.9869 160.23 42.36 198.98 82.12
6 0.9868 2.17 42.44 43.32 82.15
0 0.9867 160.04 241.23 198.93 281.17
6 0.9865 82.37 42.36 121.43 82.12
0 0.9865 1.61 241.25 43.45 281.16
6 0.9865 198.92 82.16 237.89 121.96
6 0.9863 198.82 42.34 238.01 82.15
6 0.9862 43.23 42.24 82.39 82.13
6 0.9859 277.18 42.31 317.42 82.08
2 0.9858 198.71 281.01 238.09 320.00
3 0.9858 1.68 281.19 43.24 320.00
1 0.9853 43.20 281.13 82.36 319.99
11 0.9850 160.13 1.10 199.10 42.38
5 0.9844 160.28 281.15 198.83 320.00
9 0.9841 277.38 1.67 317.22 42.29
8 0.9839 121.28 281.04 160.34 320.00
1 0.9815 238.04 281.16 277.12 319.95
