7 0.9915 43.26 1.28 82.31 42.29
7 0.9908 238.01 1.36 277.40 42.41
8 0.9893 198.83 1.15 238.02 42.33
0 0.9888 277.15 241.29 317.70 281.14
10 0.9885 121.32 1.73 160.13 42.33
0 0.9882 82.26 241.20 121.41 281.14
0 0.9878 198.78 241.27 238.02 281.04
8 0.9874 82.28 1.10 121.39 42.37
2 0.9874 82.29 281.10 121.36 320.00
0 0.9872 237.97 241.21 277.20 281.10
6 0.9871 1.89 42.43 43.41 82.11
1 0.9871 198.88 201.57 237.96 241.30
0 0.9870 160.04 161.71 198.99 201.61
9 0.9870 2.00 2.04 43.27 42.42
6 0.9869 238.04 42.39 277.30 82.16
0 0.9868 43.35 241.34 82.26 281.17
0 0.9865 1.69 241.25 43.44 281.16
2 0.9865 198.76 280.99 238.08 320.00
6 0.9865 82.43 42.34 121.44 82.11
6 0.9863 43.28 42.22 82.45 82.13
6 0.9862 277.18 42.29 317.33 82.13
6 0.9861 121.31 42.27 160.26 82.14
6 0.9860 198.79 42.32 238.07 82.14
0 0.9856 160.06 241.24 198.98 281.18
3 0.9855 1.72 281.19 43.22 320.00
3 0.9855 277.12 281.15 317.85 320.00
1 0.9853 43.17 281.13 82.32 319.99
11 0.9851 160.06 1.04 198.99 42.37
9 0.9849 277.35 1.64 317.20 42.27
4 0.9847 121.35 241.29 160.10 281.09
5 0.9839 160.24 281.14 198.89 319.98
