7 0.9914 43.20 1.35 82.24 42.28
7 0.9910 237.91 1.33 277.22 42.38
8 0.9894 198.68 1.20 237.91 42.32
4 0.9891 277.16 1.22 317.26 42.15
0 0.9887 277.05 241.29 317.82 281.14
10 0.9884 121.22 1.75 159.99 42.27
2 0.9880 82.27 281.12 121.30 320.00
0 0.9879 198.75 241.34 237.98 281.03
8 0.9877 82.20 1.16 121.30 42.36
0 0.9875 237.93 241.24 277.10 281.12
0 0.9874 121.28 241.36 160.08 281.14
9 0.9872 2.09 2.12 43.21 42.41
3 0.9870 277.03 281.14 317.78 319.99
0 0.9869 43.35 241.35 82.21 281.17
6 0.9869 2.09 42.42 43.36 82.10
6 0.9868 160.05 42.35 198.76 82.12
6 0.9867 237.95 42.37 277.14 82.16
0 0.9865 1.68 241.25 43.44 281.16
6 0.9865 82.33 42.32 121.34 82.10
6 0.9863 43.22 42.21 82.34 82.13
6 0.9862 198.65 42.32 237.95 82.15
2 0.9862 198.72 280.99 238.05 320.00
0 0.9860 160.04 201.60 198.86 241.25
3 0.9856 1.75 281.19 43.22 320.00
0 0.9855 82.23 161.67 121.34 201.60
11 0.9855 159.93 1.06 198.85 42.38
1 0.9852 43.17 281.12 82.29 319.99
6 0.9851 121.27 121.85 160.06 161.82
5 0.9838 160.23 281.15 198.82 320.00
1 0.9816 238.01 281.13 277.05 319.95
