7 0.9908 238.02 1.34 277.39 42.41
7 0.9898 82.51 82.11 121.49 121.98
8 0.9895 198.83 1.10 238.03 42.33
0 0.9888 277.13 241.29 317.75 281.14
10 0.9884 121.20 1.76 160.03 42.27
0 0.9883 82.26 241.19 121.33 281.14
0 0.9879 198.81 241.28 237.98 281.03
8 0.9876 82.17 1.16 121.29 42.37
0 0.9872 237.92 241.21 277.18 281.10
0 0.9871 121.30 241.34 160.11 281.12
2 0.9871 82.26 281.11 121.30 320.00
6 0.9871 82.42 42.36 121.39 82.15
6 0.9871 2.01 42.43 43.37 82.11
0 0.9870 43.36 241.33 82.29 281.14
1 0.9870 198.87 201.58 237.91 241.30
6 0.9869 160.11 42.36 198.89 82.12
6 0.9869 238.05 42.39 277.30 82.17
0 0.9866 1.57 241.24 43.44 281.15
0 0.9864 121.32 121.88 160.19 161.77
9 0.9863 2.08 1.99 43.18 42.41
2 0.9863 198.77 280.98 238.05 320.00
6 0.9862 277.17 42.29 317.37 82.14
6 0.9862 43.21 42.23 82.42 82.14
6 0.9861 198.77 42.32 238.08 82.17
3 0.9857 277.12 281.15 317.92 320.00
11 0.9853 159.98 1.06 198.99 42.38
9 0.9849 277.33 1.62 317.21 42.27
1 0.9848 82.32 201.56 121.33 241.23
5 0.9844 160.26 281.20 198.88 320.00
4 0.9843 121.26 281.09 160.35 320.00
3 0.9836 1.67 281.18 43.21 320.00
