7 0.9915 43.22 1.25 82.28 42.30
7 0.9905 198.88 82.18 237.90 121.87
0 0.9888 277.07 241.29 317.78 281.14
10 0.9885 121.29 1.70 160.16 42.33
0 0.9881 82.23 241.20 121.29 281.14
0 0.9879 198.76 241.28 237.91 281.02
8 0.9874 82.24 1.05 121.35 42.38
0 0.9874 121.38 161.84 160.16 201.57
0 0.9872 237.85 241.22 277.11 281.10
6 0.9870 2.03 42.43 43.37 82.10
2 0.9870 82.26 281.10 121.27 320.00
6 0.9870 238.10 42.43 277.30 82.15
1 0.9869 198.83 201.57 237.86 241.30
0 0.9869 43.34 241.34 82.24 281.16
9 0.9869 2.06 2.02 43.23 42.42
6 0.9866 160.19 42.36 199.03 82.16
6 0.9866 82.37 42.34 121.39 82.11
0 0.9865 1.68 241.24 43.42 281.15
0 0.9864 160.20 122.00 198.99 161.75
6 0.9863 43.23 42.23 82.39 82.13
2 0.9863 198.74 280.98 237.98 320.00
6 0.9862 198.85 121.90 237.99 161.80
6 0.9862 277.14 42.32 317.38 82.14
6 0.9861 121.27 42.27 160.27 82.14
8 0.9858 198.97 1.03 238.09 42.27
3 0.9857 277.04 281.14 317.93 320.00
3 0.9855 1.70 281.19 43.22 320.00
11 0.9852 160.08 1.05 199.12 42.38
1 0.9851 43.17 281.13 82.29 319.98
5 0.9845 160.21 281.19 198.85 320.00
9 0.9842 277.36 1.57 317.15 42.29
4 0.9841 121.25 281.09 160.29 320.00
