7 0.9907 237.99 1.33 277.35 42.41
7 0.9900 43.38 82.14 82.20 121.84
8 0.9894 198.79 1.08 237.99 42.33
0 0.9887 277.12 241.29 317.73 281.14
10 0.9881 121.23 1.72 160.02 42.30
0 0.9881 121.32 161.82 160.04 201.56
0 0.9881 82.32 241.19 121.39 281.13
0 0.9878 198.73 241.33 237.96 281.03
6 0.9877 121.28 121.86 160.08 161.82
2 0.9877 82.34 281.10 121.38 320.00
0 0.9871 237.91 241.25 277.16 281.10
6 0.9870 43.26 42.26 82.21 82.17
6 0.9870 160.06 42.36 198.83 82.12
0 0.9870 43.33 241.33 82.32 281.14
0 0.9869 159.98 161.71 198.94 201.61
6 0.9869 238.02 42.39 277.26 82.17
6 0.9867 2.19 42.44 43.31 82.12
6 0.9865 82.19 42.36 121.28 82.09
0 0.9864 1.63 241.23 43.42 281.15
6 0.9862 277.14 42.30 317.40 82.14
6 0.9861 198.71 42.33 238.04 82.17
9 0.9861 2.20 1.98 43.07 42.42
2 0.9859 198.70 280.99 238.03 320.00
3 0.9857 277.11 281.15 317.86 320.00
11 0.9853 159.97 1.04 198.95 42.39
9 0.9847 277.29 1.63 317.23 42.28
1 0.9846 82.34 201.56 121.33 241.23
5 0.9845 160.36 281.12 198.82 320.00
8 0.9839 121.31 281.04 160.41 320.00
3 0.9838 1.74 281.18 43.20 320.00
