7 0.9920 43.27 1.66 82.33 42.25
7 0.9900 238.11 1.60 277.53 42.41
8 0.9888 198.99 1.47 238.14 42.24
0 0.9884 277.15 241.29 317.66 281.15
9 0.9879 2.07 2.27 43.29 42.39
4 0.9873 82.28 1.76 121.36 42.34
0 0.9872 121.45 161.82 160.23 201.55
0 0.9871 238.02 241.25 277.21 281.14
0 0.9870 43.35 241.32 82.31 281.18
11 0.9870 198.94 42.26 238.15 82.13
3 0.9869 277.09 281.15 317.66 319.99
6 0.9868 2.10 42.41 43.38 82.13
2 0.9863 198.83 281.05 238.15 320.00
0 0.9863 160.02 241.20 198.96 281.16
6 0.9862 43.26 42.21 82.43 82.12
0 0.9861 1.74 241.24 43.44 281.17
5 0.9858 198.86 241.28 238.03 281.05
6 0.9858 277.31 42.25 317.21 82.07
3 0.9856 1.80 281.20 43.23 320.00
6 0.9855 198.98 121.86 238.18 161.77
6 0.9852 121.35 42.20 160.32 82.13
1 0.9852 43.18 281.15 82.30 320.00
0 0.9850 82.28 241.19 121.47 281.19
9 0.9849 277.50 1.92 317.12 42.24
1 0.9825 238.14 281.14 277.15 319.98
