0 0.9891 82.33 241.21 121.58 281.19
8 0.9889 198.90 1.39 238.07 42.30
0 0.9880 277.26 241.28 317.59 281.15
9 0.9877 2.02 2.19 43.28 42.39
3 0.9874 277.20 281.16 317.66 319.98
7 0.9874 82.42 281.18 121.55 320.00
0 0.9870 43.39 241.34 82.28 281.19
6 0.9870 160.35 42.33 199.01 82.12
0 0.9868 121.44 241.35 160.21 281.16
6 0.9867 2.09 42.41 43.38 82.14
1 0.9865 43.36 281.15 82.42 319.97
4 0.9864 277.32 1.36 317.15 42.14
0 0.9863 198.86 241.27 237.95 281.10
6 0.9861 238.13 42.38 277.26 82.15
6 0.9859 198.82 42.30 238.19 82.15
6 0.9858 43.29 42.23 82.65 82.13
6 0.9857 82.49 121.94 121.48 161.73
0 0.9851 1.76 161.69 43.46 201.57
11 0.9842 82.39 1.15 121.41 42.36
5 0.9840 198.80 201.43 238.02 241.34
1 0.9834 238.14 281.19 277.26 319.98
