7 0.9914 43.25 1.51 82.33 42.27
7 0.9907 238.23 1.51 277.43 42.39
0 0.9884 277.05 241.29 317.87 281.14
9 0.9879 2.10 2.20 43.27 42.40
0 0.9877 198.77 241.34 237.96 281.04
0 0.9873 237.91 241.25 277.10 281.13
3 0.9872 276.98 281.14 317.91 319.99
0 0.9870 43.39 161.83 82.30 201.56
0 0.9869 43.36 241.35 82.25 281.18
6 0.9869 160.34 122.01 199.06 161.75
6 0.9866 2.18 42.43 43.35 82.15
6 0.9864 238.29 42.37 277.37 82.13
0 0.9862 1.73 241.25 43.45 281.16
6 0.9859 277.26 42.28 317.21 82.13
3 0.9859 1.75 281.19 43.23 320.00
6 0.9859 43.22 42.22 82.47 82.13
2 0.9858 198.74 280.99 238.02 320.00
11 0.9854 82.48 42.33 121.39 82.08
1 0.9849 43.18 281.14 82.25 320.00
6 0.9849 121.41 121.86 160.29 161.81
9 0.9839 277.39 1.74 317.11 42.26
5 0.9829 121.23 281.07 160.10 320.00
1 0.9819 238.04 281.14 277.03 319.97
