7 0.9915 43.34 1.68 82.27 42.27
7 0.9908 238.05 1.63 277.35 42.39
0 0.9886 276.96 241.31 317.82 281.16
0 0.9885 121.33 121.90 160.15 161.79
9 0.9878 2.22 2.26 43.36 42.39
0 0.9878 198.74 241.36 237.76 281.04
0 0.9869 237.71 241.26 277.04 281.15
11 0.9863 121.53 42.22 160.23 82.13
6 0.9862 2.42 42.41 43.38 82.08
6 0.9861 238.07 42.35 277.27 82.10
3 0.9860 276.91 281.17 318.03 320.00
6 0.9858 277.16 42.29 317.18 82.12
2 0.9857 198.69 281.02 237.85 320.00
6 0.9856 43.29 42.19 82.45 82.17
0 0.9854 159.97 161.76 199.01 201.59
8 0.9854 121.30 161.80 160.00 201.57
6 0.9853 198.92 42.30 238.15 82.13
0 0.9853 2.08 241.22 43.42 281.16
6 0.9849 82.36 82.09 121.67 122.03
1 0.9840 43.27 281.10 82.11 319.99
9 0.9840 277.32 1.74 317.19 42.27
5 0.9831 121.26 281.08 160.02 320.00
