7 0.9915 43.21 1.31 82.19 42.30
8 0.9890 198.80 1.05 237.92 42.34
0 0.9886 277.06 241.29 317.76 281.14
10 0.9881 121.32 1.72 160.11 42.31
0 0.9880 121.32 161.81 160.12 201.55
0 0.9879 198.70 241.33 237.99 281.05
6 0.9878 121.30 121.87 160.12 161.82
0 0.9875 237.93 241.24 277.11 281.13
0 0.9871 43.33 241.34 82.29 281.15
3 0.9871 277.01 281.14 317.76 319.99
9 0.9870 2.12 2.06 43.22 42.42
6 0.9869 237.92 42.43 277.19 82.16
6 0.9867 2.23 42.44 43.30 82.14
0 0.9867 159.96 241.23 198.88 281.17
6 0.9865 82.34 42.36 121.38 82.10
6 0.9865 198.80 82.13 237.76 121.96
0 0.9864 1.64 241.24 43.42 281.15
6 0.9862 43.22 42.23 82.35 82.13
6 0.9861 277.06 42.33 317.46 82.14
6 0.9861 198.69 42.35 237.92 82.12
2 0.9860 198.68 281.01 238.05 320.00
11 0.9849 160.05 1.02 198.97 42.38
1 0.9849 82.38 201.54 121.29 241.18
5 0.9844 160.22 281.14 198.81 320.00
8 0.9841 121.17 281.05 160.27 320.00
9 0.9841 277.26 1.57 317.25 42.30
3 0.9839 1.76 281.18 43.19 320.00
1 0.9818 238.07 281.14 277.07 319.98
