7 0.9902 238.16 1.57 277.44 42.37
8 0.9894 199.06 1.53 238.20 42.27
2 0.9890 277.28 0.95 316.98 42.21
0 0.9881 277.19 241.29 317.62 281.15
0 0.9879 121.51 161.82 160.34 201.55
9 0.9878 43.36 2.19 82.38 42.21
0 0.9876 43.38 121.85 82.44 161.76
0 0.9874 198.93 241.32 238.01 281.15
0 0.9872 238.03 241.24 277.24 281.14
0 0.9871 43.43 241.31 82.44 281.15
6 0.9870 121.50 121.86 160.37 161.83
3 0.9868 277.18 281.14 317.60 319.98
6 0.9863 160.39 42.31 199.17 82.13
11 0.9862 121.60 42.21 160.39 82.09
0 0.9860 160.31 122.01 199.12 161.71
6 0.9859 198.97 42.28 238.27 82.15
6 0.9859 43.36 42.20 82.47 82.11
6 0.9854 277.22 42.17 317.02 82.06
6 0.9852 82.46 121.95 121.55 161.75
5 0.9850 121.65 241.24 160.30 281.16
0 0.9848 82.42 241.19 121.69 281.18
3 0.9848 121.47 281.16 160.40 320.00
1 0.9834 238.22 281.15 277.24 319.98
