7 0.9898 82.45 82.12 121.57 122.00
8 0.9889 198.85 1.12 237.97 42.32
3 0.9875 276.94 281.12 318.65 319.99
0 0.9873 237.84 241.24 276.98 281.14
0 0.9872 198.76 241.32 237.83 281.14
0 0.9872 277.18 161.73 317.52 201.48
6 0.9872 121.46 82.14 160.12 121.91
8 0.9871 82.25 1.14 121.30 42.37
0 0.9870 43.43 241.32 82.42 281.15
6 0.9868 237.96 42.41 277.18 82.15
0 0.9868 160.06 161.70 198.97 201.60
6 0.9868 82.41 42.37 121.42 82.15
6 0.9867 160.06 82.08 198.89 122.04
6 0.9862 277.04 42.32 317.56 82.14
6 0.9860 198.75 42.31 237.99 82.15
6 0.9858 43.34 42.24 82.41 82.15
6 0.9853 43.29 121.83 82.38 161.80
5 0.9849 121.68 241.24 160.23 281.17
0 0.9849 82.40 241.19 121.72 281.18
11 0.9848 160.14 0.94 199.00 42.36
9 0.9844 277.27 1.65 317.35 42.29
9 0.9840 121.56 281.18 160.33 320.00
1 0.9833 238.06 281.15 277.00 319.98
