7 0.9919 43.28 1.39 82.30 42.28
7 0.9907 238.12 1.42 277.45 42.40
8 0.9892 198.94 1.20 238.13 42.32
0 0.9886 121.42 121.90 160.25 161.79
0 0.9885 277.09 241.29 317.81 281.14
2 0.9878 121.36 0.99 160.23 42.27
0 0.9877 121.42 161.79 160.14 201.56
0 0.9875 160.09 161.73 198.99 201.61
0 0.9874 237.90 241.24 277.15 281.14
9 0.9873 2.02 2.09 43.29 42.41
0 0.9873 198.80 241.32 237.90 281.14
3 0.9871 277.04 281.14 317.80 319.99
0 0.9870 43.34 241.34 82.27 281.17
6 0.9868 238.15 42.39 277.38 82.14
6 0.9868 160.30 122.01 199.02 161.76
6 0.9867 2.10 42.43 43.36 82.15
0 0.9864 1.71 241.24 43.44 281.16
6 0.9862 43.25 42.23 82.43 82.14
6 0.9861 277.24 42.29 317.32 82.14
6 0.9859 198.88 42.31 238.15 82.15
3 0.9858 1.79 281.19 43.22 320.00
6 0.9857 43.30 121.81 82.45 161.80
1 0.9850 43.17 281.13 82.27 320.00
11 0.9849 160.16 0.96 199.10 42.34
9 0.9847 277.41 1.67 317.19 42.27
5 0.9831 121.27 281.06 160.11 320.00
1 0.9827 238.04 281.15 277.10 319.98
