4 0.9902 124.09 12.13 160.34 50.85
4 0.9898 124.63 273.37 159.77 311.25
0 0.9873 5.68 236.17 51.64 272.85
2 0.9868 88.03 273.01 124.37 310.54
0 0.9866 160.26 236.10 196.62 272.97
3 0.9861 269.07 273.03 308.79 310.46
1 0.9860 196.72 199.20 232.94 236.01
5 0.9857 159.96 273.11 196.70 310.63
0 0.9854 196.66 236.00 233.03 273.22
3 0.9853 5.12 272.70 51.76 310.66
0 0.9851 88.06 236.21 124.12 273.05
2 0.9848 196.71 11.90 233.00 50.83
0 0.9845 51.69 236.03 88.04 273.12
1 0.9836 51.76 273.17 88.10 310.57
2 0.9814 196.75 273.16 232.87 310.71
0 0.9793 268.86 236.01 308.57 273.15
1 0.9777 51.78 11.74 88.10 50.98
1 0.9757 232.99 11.70 269.10 50.73
0 0.9753 233.03 236.23 268.84 272.81
6 0.9719 124.27 50.76 160.03 87.89
6 0.9623 269.10 50.86 308.35 87.97
6 0.9613 51.81 50.87 88.02 87.87
8 0.9513 88.11 12.14 123.81 50.82
0 0.9459 124.06 236.00 160.35 273.29
6 0.9278 160.33 161.98 196.83 199.15
9 0.9177 6.52 11.57 51.75 50.91
9 0.9109 269.01 11.58 307.73 50.89
