0 0.9874 199.05 241.35 238.29 281.20
1 0.9873 121.38 281.18 160.24 319.99
0 0.9871 43.30 161.87 82.29 201.55
6 0.9871 160.29 122.00 199.02 161.74
0 0.9870 121.49 161.84 160.31 201.58
11 0.9861 121.54 42.21 160.19 82.12
2 0.9861 82.37 82.02 121.73 121.98
6 0.9859 2.16 122.06 43.33 161.80
0 0.9858 1.69 241.22 43.44 281.17
0 0.9858 160.11 241.24 199.18 281.20
6 0.9856 43.24 42.19 82.42 82.12
6 0.9855 198.81 42.25 238.23 82.15
6 0.9855 277.22 42.25 317.25 82.06
0 0.9855 277.53 241.27 317.06 281.07
0 0.9853 82.29 241.20 121.59 281.22
8 0.9848 121.68 82.07 160.19 121.91
5 0.9843 121.53 241.26 160.19 281.22
9 0.9843 277.40 1.97 317.15 42.24
3 0.9838 1.94 281.19 43.15 320.00
1 0.9825 238.34 281.20 277.39 319.96
