3 0.9847 124.09 51.16 160.16 88.39
2 0.9835 196.65 12.73 233.05 51.30
1 0.9832 199.14 199.69 233.12 236.74
1 0.9824 5.65 199.73 50.70 237.04
5 0.9824 51.20 162.67 85.36 199.63
0 0.9813 7.42 236.80 50.07 273.63
1 0.9781 233.02 12.49 269.30 51.18
0 0.9768 268.96 236.77 308.49 273.69
0 0.9683 162.12 125.57 197.60 162.54
0 0.9633 50.22 236.80 83.15 273.78
3 0.9622 269.16 12.65 306.23 51.45
9 0.9583 87.75 12.55 123.90 51.08
2 0.9520 84.46 162.74 122.16 199.80
6 0.9448 196.37 51.29 233.04 88.43
0 0.9358 9.44 51.05 51.63 88.35
5 0.9323 161.59 310.55 199.25 320.00
6 0.9171 51.66 51.21 87.81 88.27
