7 0.9913 43.28 1.53 82.34 42.28
7 0.9911 238.27 1.68 277.47 42.37
0 0.9885 277.00 241.30 317.95 281.17
9 0.9879 2.12 2.20 43.30 42.41
0 0.9873 121.36 161.82 160.07 201.55
0 0.9872 198.64 241.34 237.86 281.05
0 0.9866 237.81 241.25 277.05 281.12
6 0.9864 82.54 42.35 121.55 82.12
6 0.9863 2.23 42.43 43.38 82.15
3 0.9862 276.95 281.16 318.15 320.00
6 0.9862 238.32 42.35 277.39 82.14
11 0.9860 160.39 42.37 199.01 82.11
2 0.9858 198.68 281.06 237.95 320.00
6 0.9858 160.01 161.70 198.92 201.61
1 0.9858 277.43 1.42 316.94 42.26
6 0.9858 43.31 42.22 82.57 82.14
6 0.9857 277.27 42.22 317.07 82.13
6 0.9856 198.81 121.88 238.11 161.79
0 0.9848 2.22 241.24 43.32 281.19
1 0.9840 43.02 281.12 82.15 320.00
8 0.9835 2.06 281.29 43.08 320.00
5 0.9821 121.20 281.07 159.97 320.00
