7 0.9931 237.71 1.46 276.98 42.51
7 0.9916 43.32 1.28 82.21 42.40
5 0.9894 160.08 281.21 198.81 320.00
8 0.9891 198.67 0.59 237.80 42.43
0 0.9890 121.30 161.84 160.04 201.43
0 0.9888 276.85 241.36 319.11 281.08
11 0.9884 159.97 0.95 198.90 42.48
0 0.9884 198.77 241.33 237.71 281.06
6 0.9882 1.47 42.49 43.32 82.13
6 0.9880 82.29 42.44 121.34 82.19
9 0.9879 1.24 1.82 43.30 42.51
6 0.9877 121.29 121.92 160.08 161.85
0 0.9874 237.72 241.30 276.84 281.07
6 0.9874 237.84 42.44 276.90 82.11
8 0.9872 82.17 0.78 121.36 42.51
10 0.9871 121.26 1.70 160.02 42.42
6 0.9869 43.23 42.35 82.30 82.10
6 0.9867 160.13 42.34 198.59 82.12
0 0.9867 43.31 241.36 82.19 281.15
0 0.9866 159.90 241.23 198.85 281.20
6 0.9866 198.56 42.37 237.92 82.21
2 0.9864 82.18 281.05 121.19 319.99
2 0.9864 198.67 280.99 237.99 319.98
3 0.9863 276.80 281.05 318.57 319.94
6 0.9862 276.77 121.97 318.46 161.76
0 0.9862 82.16 241.24 121.28 281.04
0 0.9861 1.51 241.30 43.39 281.23
9 0.9861 276.90 1.53 318.81 42.30
4 0.9853 121.11 281.17 160.17 320.00
1 0.9839 43.17 281.04 82.26 320.00
3 0.9837 1.31 281.21 43.21 320.00
1 0.9826 238.00 281.01 276.82 319.98
