7 0.9895 82.50 82.09 121.52 121.98
8 0.9887 198.82 1.54 237.98 42.26
0 0.9883 277.09 241.28 317.72 281.15
6 0.9870 160.26 121.98 199.00 161.71
4 0.9868 277.32 1.48 316.87 42.16
0 0.9868 121.40 241.33 160.15 281.15
0 0.9864 237.97 241.23 277.15 281.15
0 0.9863 82.23 201.49 121.42 241.18
2 0.9861 82.31 1.54 121.39 42.29
6 0.9861 82.36 42.26 121.42 82.13
3 0.9860 277.08 281.15 317.90 320.00
6 0.9859 2.15 42.36 43.42 82.11
6 0.9857 198.81 42.27 238.05 82.10
6 0.9854 277.15 42.16 317.21 82.05
0 0.9851 1.93 241.21 43.43 281.16
11 0.9850 160.14 1.25 198.97 42.31
5 0.9826 82.30 281.18 121.46 320.00
