7 0.9892 238.09 161.67 277.34 201.61
8 0.9891 277.20 1.32 317.08 42.17
0 0.9887 198.96 161.73 238.06 201.52
6 0.9873 121.56 82.14 160.30 121.88
9 0.9869 121.58 241.33 160.29 281.12
8 0.9864 82.47 1.44 121.49 42.31
6 0.9856 198.86 121.87 238.13 161.73
6 0.9855 277.17 121.86 317.37 161.71
6 0.9852 198.77 42.24 238.07 82.12
2 0.9851 198.87 281.07 238.18 320.00
11 0.9850 82.55 42.25 121.50 82.08
6 0.9840 43.34 42.17 82.55 82.10
0 0.9838 277.34 241.27 317.32 281.09
5 0.9810 121.43 281.10 160.41 320.00
