7 0.9912 238.00 1.55 277.21 42.38
7 0.9896 43.28 1.69 82.05 42.15
8 0.9893 198.76 1.36 238.00 42.31
0 0.9882 82.34 241.19 121.55 281.25
0 0.9876 160.10 161.71 198.99 201.58
2 0.9872 2.34 1.27 43.29 42.27
1 0.9871 43.18 281.13 82.38 320.00
0 0.9869 121.48 241.31 160.28 281.15
0 0.9869 198.81 241.29 238.06 281.15
0 0.9869 43.34 241.33 82.35 281.17
6 0.9869 160.21 122.00 198.95 161.74
0 0.9867 277.38 161.70 317.19 201.40
6 0.9865 121.46 161.79 160.17 201.55
6 0.9864 2.40 42.26 43.37 82.10
6 0.9864 238.04 42.37 277.15 82.15
9 0.9863 82.39 281.21 121.50 319.97
0 0.9861 1.70 241.23 43.43 281.16
6 0.9861 277.18 121.88 317.18 161.67
6 0.9859 198.71 42.30 238.08 82.14
3 0.9856 1.83 281.19 43.22 320.00
6 0.9856 82.42 121.95 121.46 161.73
11 0.9853 121.25 1.11 159.96 42.21
5 0.9845 160.22 241.15 198.97 281.13
