7 0.9893 43.23 1.33 82.30 42.23
8 0.9890 198.89 1.13 238.01 42.33
0 0.9884 277.29 241.27 317.60 281.13
0 0.9881 82.33 241.20 121.45 281.13
6 0.9877 121.49 82.15 160.22 121.90
9 0.9875 2.02 2.13 43.24 42.40
0 0.9873 198.91 241.33 238.05 281.15
3 0.9872 277.20 281.14 317.69 319.98
0 0.9869 43.36 241.34 82.33 281.17
2 0.9869 82.34 281.09 121.42 320.00
0 0.9869 160.09 161.70 199.05 201.60
6 0.9868 238.03 42.42 277.28 82.15
6 0.9868 2.09 42.42 43.36 82.12
6 0.9866 160.16 82.08 198.96 122.04
2 0.9866 82.29 1.16 121.30 42.35
6 0.9866 82.44 42.30 121.44 82.11
0 0.9865 1.61 241.24 43.45 281.16
6 0.9861 277.16 42.31 317.38 82.13
6 0.9860 198.81 42.32 238.06 82.16
3 0.9859 1.67 281.19 43.24 320.00
1 0.9858 43.20 281.13 82.36 319.99
11 0.9848 160.14 0.93 199.04 42.36
9 0.9842 277.35 1.63 317.21 42.28
5 0.9827 121.35 281.08 160.23 320.00
1 0.9824 238.14 281.17 277.22 319.96
