7 0.9901 238.24 1.57 277.44 42.38
0 0.9901 43.35 121.84 82.39 161.78
2 0.9889 277.29 0.95 317.04 42.22
0 0.9880 277.13 241.29 317.70 281.15
0 0.9873 198.89 241.32 237.96 281.15
0 0.9872 43.39 241.33 82.31 281.16
0 0.9871 237.98 241.24 277.19 281.14
3 0.9869 277.12 281.15 317.66 319.99
7 0.9868 82.37 281.18 121.55 320.00
9 0.9866 82.36 1.95 121.60 42.38
11 0.9862 121.58 42.22 160.20 82.10
6 0.9862 121.47 161.77 160.20 201.54
6 0.9861 160.14 82.09 198.97 122.03
0 0.9859 160.16 122.02 199.06 161.69
8 0.9857 43.37 161.78 82.29 201.49
6 0.9856 198.86 42.26 238.34 82.16
6 0.9855 43.31 42.21 82.50 82.11
6 0.9854 277.19 42.18 317.11 82.06
3 0.9848 121.44 281.14 160.29 320.00
5 0.9842 121.57 241.24 160.19 281.14
1 0.9835 238.17 281.15 277.19 319.98
