7 0.9911 238.18 1.69 277.37 42.37
7 0.9892 43.22 1.70 82.08 42.18
0 0.9883 277.10 241.29 317.62 281.16
0 0.9881 82.21 241.19 121.45 281.16
0 0.9876 159.92 161.71 198.85 201.58
6 0.9873 160.10 121.98 198.76 161.75
8 0.9872 2.39 1.43 43.20 42.33
0 0.9868 121.34 241.32 160.08 281.17
2 0.9868 82.25 281.11 121.44 320.00
6 0.9865 198.65 82.16 237.94 121.94
0 0.9864 237.94 241.23 277.13 281.17
6 0.9863 238.22 42.36 277.29 82.13
6 0.9862 82.26 42.34 121.32 82.09
11 0.9861 160.08 42.36 198.73 82.12
6 0.9861 2.50 42.35 43.33 82.10
6 0.9860 277.16 42.27 317.33 82.13
3 0.9859 277.10 281.16 317.77 320.00
0 0.9859 198.64 121.91 238.03 161.77
6 0.9851 121.18 42.19 160.17 82.15
9 0.9848 277.33 1.89 317.20 42.25
0 0.9848 2.22 241.23 43.35 281.19
5 0.9847 160.03 241.16 198.81 281.16
1 0.9847 43.04 281.12 82.29 320.00
8 0.9834 2.21 281.25 43.12 320.00
