7 0.9914 43.21 1.52 82.25 42.28
7 0.9900 238.14 1.67 277.34 42.39
0 0.9882 277.28 241.27 317.58 281.13
9 0.9878 2.18 2.19 43.22 42.41
2 0.9876 43.25 121.72 82.35 161.79
0 0.9872 121.25 241.36 160.06 281.16
0 0.9870 198.80 241.35 238.03 281.16
11 0.9864 121.50 42.22 160.19 82.14
6 0.9863 2.28 42.43 43.32 82.16
6 0.9861 82.40 42.34 121.58 82.14
3 0.9861 277.23 281.14 317.82 320.00
6 0.9860 43.22 42.22 82.44 82.15
0 0.9859 43.15 201.56 82.07 241.29
6 0.9857 160.02 161.72 198.96 201.64
0 0.9855 160.02 201.60 198.92 241.25
6 0.9855 198.88 42.27 238.26 82.16
0 0.9853 82.01 241.22 121.33 281.18
0 0.9852 2.32 241.24 43.21 281.13
6 0.9847 121.32 121.86 160.14 161.82
1 0.9843 42.84 281.13 82.03 320.00
5 0.9834 121.21 281.13 160.04 320.00
4 0.9831 2.67 281.19 42.91 319.96
