8 0.9889 198.94 1.21 238.05 42.31
7 0.9881 198.84 82.15 237.96 121.83
0 0.9881 277.17 241.28 317.52 281.13
0 0.9876 160.07 161.69 198.98 201.55
1 0.9870 43.15 281.13 82.43 319.97
6 0.9869 160.24 121.98 198.99 161.73
6 0.9866 238.07 42.41 277.22 82.16
0 0.9864 238.11 201.58 277.11 241.25
6 0.9863 82.43 42.31 121.50 82.08
2 0.9861 2.32 1.02 43.32 42.21
6 0.9859 277.08 42.29 317.39 82.12
0 0.9857 1.70 241.24 43.48 281.16
3 0.9856 1.90 281.19 43.21 320.00
6 0.9856 198.83 42.31 238.12 82.16
3 0.9855 277.13 281.14 317.65 320.00
5 0.9855 198.81 241.28 237.93 281.09
1 0.9854 82.44 281.15 121.50 319.93
11 0.9849 121.50 1.05 160.23 42.21
0 0.9847 82.40 241.16 121.52 281.17
9 0.9842 277.33 1.72 317.22 42.26
