7 0.9901 238.10 1.62 277.31 42.34
2 0.9897 277.15 1.02 317.19 42.20
7 0.9894 43.35 1.65 82.30 42.18
8 0.9878 82.48 121.96 121.50 161.66
0 0.9875 160.15 161.70 199.09 201.57
0 0.9873 199.00 241.31 238.14 281.15
8 0.9872 82.31 1.50 121.37 42.31
0 0.9870 238.13 241.23 277.35 281.15
6 0.9869 160.29 121.98 198.96 161.74
0 0.9864 277.42 161.70 317.24 201.44
6 0.9863 198.75 82.16 238.00 121.95
6 0.9863 82.41 42.28 121.45 82.12
2 0.9862 82.43 161.65 121.50 201.55
3 0.9860 1.39 281.16 43.26 320.00
11 0.9859 160.24 42.34 198.78 82.11
1 0.9856 43.23 281.12 82.37 320.00
6 0.9855 277.12 42.16 317.19 82.06
0 0.9848 82.40 241.18 121.63 281.19
5 0.9836 121.56 241.24 160.25 281.09
1 0.9823 238.24 281.15 277.21 319.97
