7 0.9907 238.06 1.35 277.38 42.41
8 0.9894 198.89 1.09 238.06 42.34
0 0.9886 277.08 241.29 317.73 281.15
0 0.9879 121.29 161.83 160.08 201.58
6 0.9877 121.29 121.89 160.11 161.83
0 0.9876 198.73 241.32 237.98 281.05
2 0.9872 1.99 121.99 43.35 161.66
0 0.9870 237.93 241.25 277.13 281.11
0 0.9869 43.29 241.35 82.17 281.18
6 0.9868 238.09 42.39 277.29 82.18
6 0.9867 2.35 42.42 43.29 82.13
0 0.9866 159.89 241.23 198.88 281.15
6 0.9866 160.22 42.37 198.93 82.13
9 0.9865 2.17 2.00 43.18 42.40
0 0.9862 1.84 241.24 43.39 281.16
6 0.9861 277.17 42.30 317.34 82.14
2 0.9861 198.74 281.00 238.04 320.00
6 0.9860 198.80 42.33 238.12 82.19
3 0.9858 277.06 281.15 317.91 320.00
3 0.9856 1.87 281.19 43.16 320.00
6 0.9851 82.28 82.06 121.54 122.03
11 0.9850 160.15 0.87 199.06 42.40
1 0.9848 43.10 281.14 82.18 320.00
9 0.9846 277.32 1.63 317.20 42.28
5 0.9832 121.16 281.08 160.02 320.00
