7 0.9918 43.31 1.56 82.38 42.28
7 0.9900 238.19 1.57 277.48 42.42
0 0.9883 277.19 241.29 317.63 281.14
0 0.9881 82.30 241.21 121.46 281.15
2 0.9873 82.32 281.11 121.43 320.00
0 0.9872 121.38 241.35 160.12 281.15
4 0.9872 121.52 1.94 160.16 42.22
0 0.9871 43.35 241.34 82.28 281.18
0 0.9870 237.99 241.27 277.25 281.14
3 0.9869 277.14 281.14 317.66 319.99
9 0.9867 2.00 2.02 43.34 42.39
0 0.9865 198.81 201.54 238.07 241.29
11 0.9864 121.49 42.19 160.15 82.12
6 0.9864 43.29 42.22 82.44 82.12
2 0.9862 198.78 281.04 238.12 320.00
0 0.9862 1.72 241.24 43.45 281.16
6 0.9861 2.10 122.06 43.39 161.75
1 0.9861 43.18 281.14 82.34 319.99
6 0.9858 277.22 42.26 317.28 82.07
6 0.9856 198.85 42.28 238.28 82.15
3 0.9855 1.83 281.19 43.23 320.00
5 0.9853 198.86 241.28 237.99 281.07
8 0.9851 82.25 1.07 121.56 42.35
6 0.9850 121.32 121.85 160.15 161.82
9 0.9843 277.44 1.82 317.18 42.25
1 0.9826 238.11 281.14 277.19 319.98
