7 0.9907 238.00 1.43 277.34 42.41
7 0.9895 43.31 1.50 82.15 42.19
8 0.9891 198.78 1.23 238.00 42.33
0 0.9885 277.09 241.30 317.71 281.17
0 0.9881 82.21 241.18 121.47 281.15
8 0.9872 1.97 81.91 43.48 122.04
2 0.9869 82.25 281.11 121.46 320.00
0 0.9869 121.33 241.33 160.10 281.17
0 0.9868 237.91 241.24 277.14 281.13
0 0.9868 198.61 241.33 237.91 281.17
6 0.9867 238.01 42.39 277.23 82.17
2 0.9865 2.26 1.07 43.32 42.26
6 0.9864 82.34 42.35 121.36 82.09
10 0.9863 2.87 281.23 42.92 319.98
6 0.9861 277.09 42.29 317.44 82.13
3 0.9860 277.08 281.17 317.85 320.00
6 0.9859 198.70 42.32 238.05 82.14
6 0.9859 159.95 161.70 198.84 201.62
0 0.9856 160.04 201.59 198.82 241.25
0 0.9856 2.21 241.17 43.25 281.22
6 0.9854 121.22 42.21 160.19 82.14
9 0.9850 277.30 1.68 317.33 42.27
1 0.9850 42.93 281.12 82.29 320.00
11 0.9850 160.06 0.97 198.95 42.37
5 0.9846 160.03 241.20 198.79 281.15
