5 0.9904 196.71 236.06 232.95 273.20
1 0.9882 159.97 273.03 196.76 310.63
0 0.9870 4.08 236.24 51.76 272.98
2 0.9868 51.73 161.89 87.97 199.19
0 0.9848 88.04 236.20 124.10 273.11
0 0.9827 196.71 125.03 232.90 161.60
1 0.9826 51.84 273.19 88.10 310.62
5 0.9823 232.85 50.84 269.04 88.06
0 0.9819 160.12 125.11 196.75 162.11
2 0.9792 124.42 273.27 159.88 310.60
2 0.9785 88.05 273.16 124.42 311.10
1 0.9781 51.67 11.92 88.08 50.91
2 0.9780 7.01 273.05 51.81 310.81
10 0.9758 88.12 12.17 124.33 50.94
0 0.9754 233.05 236.27 268.81 272.80
6 0.9726 124.23 50.62 160.01 87.89
6 0.9697 232.99 161.90 268.90 199.15
2 0.9657 9.39 11.55 51.72 50.79
7 0.9439 160.41 11.77 196.80 50.87
3 0.9406 196.75 11.81 232.91 50.88
1 0.9315 160.23 11.66 196.78 50.84
2 0.9194 160.41 162.04 196.71 199.22
