7 0.9930 237.71 1.43 276.98 42.52
7 0.9916 43.30 1.27 82.22 42.39
5 0.9894 160.08 281.22 198.81 320.00
8 0.9891 198.68 0.55 237.80 42.44
0 0.9890 121.29 161.84 160.01 201.44
0 0.9888 276.85 241.37 319.12 281.09
11 0.9884 159.93 0.94 198.90 42.49
0 0.9884 198.77 241.33 237.71 281.06
6 0.9882 1.52 42.49 43.31 82.13
9 0.9879 1.28 1.81 43.28 42.51
6 0.9877 121.28 121.91 160.05 161.85
6 0.9875 237.83 42.45 276.89 82.11
0 0.9874 237.72 241.31 276.84 281.07
10 0.9872 121.21 1.70 159.98 42.42
6 0.9868 276.81 42.35 318.55 82.20
6 0.9868 160.08 42.35 198.59 82.12
6 0.9868 43.22 42.33 82.33 82.12
6 0.9867 82.18 82.11 121.41 121.99
0 0.9867 43.31 241.36 82.18 281.15
6 0.9866 198.56 42.38 237.90 82.21
0 0.9866 159.89 241.23 198.84 281.20
2 0.9865 82.17 281.06 121.18 319.99
2 0.9864 198.67 280.99 237.99 319.98
3 0.9863 276.79 281.05 318.59 319.94
9 0.9863 276.90 1.52 318.52 42.38
0 0.9862 82.16 241.24 121.28 281.05
0 0.9861 1.53 241.30 43.38 281.23
8 0.9861 82.07 0.67 121.32 42.38
4 0.9853 121.11 281.17 160.17 320.00
1 0.9839 43.16 281.04 82.26 320.00
3 0.9837 1.33 281.22 43.20 320.00
1 0.9826 238.00 281.01 276.82 319.98
