7 0.9908 238.30 1.53 277.41 42.40
7 0.9906 121.49 1.80 160.06 42.33
0 0.9883 277.13 241.31 317.65 281.16
0 0.9875 121.27 241.37 160.01 281.17
9 0.9870 2.22 2.08 43.17 42.41
2 0.9870 82.20 281.14 121.39 320.00
6 0.9865 2.32 42.43 43.31 82.15
0 0.9864 237.89 241.28 277.17 281.16
11 0.9863 121.47 42.24 160.15 82.14
3 0.9862 277.11 281.16 317.90 320.00
6 0.9861 238.33 42.38 277.32 82.14
6 0.9861 82.34 42.34 121.55 82.13
2 0.9860 198.68 281.01 238.06 320.00
0 0.9860 198.76 201.56 238.00 241.28
6 0.9858 43.21 42.23 82.39 82.14
6 0.9858 277.18 42.28 317.22 82.13
0 0.9851 2.16 241.24 43.38 281.19
1 0.9847 43.06 281.11 82.22 320.00
6 0.9846 121.26 121.86 160.13 161.82
9 0.9838 277.38 1.74 317.11 42.27
8 0.9834 2.18 281.25 43.12 320.00
5 0.9824 121.25 281.12 160.08 320.00
