7 0.9915 43.26 1.35 82.34 42.28
7 0.9908 238.11 1.40 277.43 42.41
8 0.9895 198.96 1.19 238.12 42.32
0 0.9886 277.17 241.29 317.65 281.14
0 0.9879 121.43 241.30 160.28 281.19
8 0.9876 82.31 1.17 121.40 42.36
2 0.9876 43.31 121.71 82.45 161.78
10 0.9872 121.49 42.32 160.32 82.14
9 0.9872 2.00 2.11 43.27 42.41
2 0.9872 82.37 281.13 121.48 320.00
0 0.9871 43.42 241.34 82.31 281.18
0 0.9871 160.03 161.70 199.00 201.59
0 0.9870 237.92 241.21 277.22 281.11
1 0.9870 198.89 201.57 237.93 241.29
6 0.9869 2.08 42.43 43.35 82.16
0 0.9869 198.89 241.27 237.89 281.08
6 0.9868 238.14 42.39 277.35 82.14
6 0.9866 82.47 42.35 121.56 82.12
6 0.9863 43.27 42.21 82.49 82.14
6 0.9861 277.21 42.29 317.28 82.14
6 0.9861 198.89 42.31 238.16 82.18
3 0.9860 1.07 281.17 43.28 320.00
0 0.9859 1.66 161.72 43.50 201.59
6 0.9858 160.25 42.37 198.99 82.17
3 0.9856 277.14 281.14 317.80 320.00
1 0.9852 43.26 281.12 82.39 319.99
11 0.9851 160.15 0.97 199.11 42.39
10 0.9848 121.36 281.19 160.43 320.00
9 0.9847 277.38 1.67 317.14 42.27
5 0.9845 160.39 281.22 198.96 320.00
