7 0.9909 238.16 1.51 277.45 42.40
8 0.9895 199.01 1.28 238.18 42.32
7 0.9893 82.47 82.10 121.52 121.97
0 0.9885 277.21 241.29 317.63 281.14
0 0.9881 82.31 241.21 121.39 281.14
0 0.9880 121.36 161.82 160.17 201.56
10 0.9876 43.10 1.87 82.10 42.32
2 0.9876 43.25 121.71 82.38 161.78
0 0.9875 237.99 241.25 277.26 281.14
6 0.9875 121.36 121.87 160.19 161.82
0 0.9874 198.84 241.33 237.98 281.14
2 0.9873 82.34 281.10 121.39 320.00
9 0.9872 2.25 2.26 43.18 42.38
0 0.9870 43.35 241.33 82.28 281.17
3 0.9869 277.17 281.14 317.64 319.99
6 0.9869 82.35 42.35 121.44 82.15
6 0.9868 2.33 42.39 43.28 82.14
6 0.9867 238.21 42.39 277.36 82.14
11 0.9865 121.36 42.22 160.18 82.11
6 0.9865 160.17 42.34 199.09 82.14
0 0.9864 1.66 241.24 43.44 281.16
6 0.9864 43.18 42.24 82.35 82.13
0 0.9862 160.15 122.01 199.04 161.72
6 0.9861 277.20 42.28 317.25 82.13
6 0.9860 198.87 42.32 238.24 82.16
3 0.9857 1.67 281.18 43.24 320.00
1 0.9853 43.20 281.13 82.37 319.99
5 0.9847 160.35 281.13 198.91 320.00
9 0.9844 277.41 1.75 317.09 42.26
8 0.9838 121.33 281.04 160.41 320.00
1 0.9825 238.15 281.15 277.23 319.98
