0 0.9888 277.02 241.30 318.14 281.17
0 0.9877 159.95 161.73 198.94 201.60
0 0.9875 198.67 241.34 237.88 281.06
0 0.9871 43.24 241.33 82.09 281.17
6 0.9870 2.16 42.43 43.39 82.14
6 0.9869 160.28 122.00 199.07 161.76
6 0.9868 238.22 42.40 277.46 82.14
0 0.9868 2.02 241.18 43.24 281.23
8 0.9868 238.10 161.67 277.19 201.58
0 0.9867 237.83 241.26 277.08 281.12
9 0.9866 2.04 2.08 43.33 42.41
6 0.9865 82.56 42.35 121.57 82.11
7 0.9864 2.29 281.30 43.11 320.00
3 0.9863 276.97 281.16 318.33 320.00
6 0.9861 277.30 42.25 317.16 82.12
6 0.9859 43.31 42.24 82.58 82.13
2 0.9859 198.71 281.06 237.97 320.00
8 0.9852 199.08 1.23 238.21 42.27
1 0.9852 277.54 1.31 317.05 42.28
11 0.9850 160.34 1.03 199.22 42.37
6 0.9849 121.32 121.85 160.15 161.80
1 0.9847 43.05 281.13 82.13 320.00
5 0.9825 121.17 281.07 159.96 320.00
