7 0.9912 238.31 1.83 277.48 42.33
7 0.9893 43.25 1.86 82.05 42.12
0 0.9882 277.11 241.28 317.57 281.12
8 0.9881 276.96 201.34 317.86 241.28
0 0.9872 121.45 161.78 160.15 201.51
0 0.9871 43.38 241.31 82.38 281.15
0 0.9870 198.81 241.31 237.92 281.14
2 0.9869 2.46 1.47 43.26 42.25
0 0.9866 160.08 161.66 199.06 201.56
0 0.9864 238.09 201.54 277.07 241.23
11 0.9863 121.31 42.20 159.91 82.08
6 0.9863 159.92 82.08 198.97 122.02
6 0.9861 238.36 42.31 277.39 82.10
0 0.9860 1.69 241.22 43.47 281.15
1 0.9857 277.44 1.62 316.93 42.22
6 0.9857 2.51 42.24 43.36 82.08
6 0.9857 277.24 42.18 317.09 82.10
3 0.9856 277.09 281.13 317.87 320.00
3 0.9838 1.84 281.18 43.27 320.00
5 0.9830 160.35 281.15 198.86 320.00
