7 0.9908 238.02 1.35 277.40 42.41
7 0.9897 82.52 82.12 121.51 122.00
8 0.9894 198.81 1.11 238.02 42.33
0 0.9888 277.07 241.29 317.85 281.14
10 0.9884 121.18 1.76 160.00 42.27
0 0.9880 198.73 241.33 237.97 281.05
0 0.9876 237.93 241.24 277.12 281.12
8 0.9875 82.13 1.17 121.26 42.37
1 0.9874 121.42 121.94 160.15 161.79
2 0.9873 82.24 281.13 121.29 320.00
0 0.9871 43.34 241.34 82.21 281.15
6 0.9871 82.38 42.37 121.36 82.16
3 0.9871 277.00 281.14 317.86 319.99
6 0.9870 2.09 42.42 43.36 82.10
6 0.9869 160.08 42.36 198.87 82.12
0 0.9869 121.38 161.79 160.15 201.57
6 0.9869 238.06 42.39 277.31 82.17
0 0.9867 159.95 241.23 198.91 281.19
0 0.9865 1.69 241.24 43.42 281.15
2 0.9863 198.72 281.00 238.03 320.00
9 0.9863 2.14 2.00 43.14 42.41
6 0.9862 277.19 42.29 317.35 82.14
6 0.9862 43.19 42.23 82.37 82.14
6 0.9861 198.77 42.32 238.08 82.17
0 0.9855 82.26 161.67 121.45 201.58
11 0.9854 159.95 1.06 198.96 42.38
9 0.9849 277.34 1.63 317.20 42.27
5 0.9844 160.14 281.20 198.84 320.00
4 0.9844 121.25 281.09 160.23 320.00
3 0.9835 1.82 281.18 43.17 320.00
1 0.9818 237.99 281.13 277.02 319.95
