7 0.9891 277.09 281.17 317.17 320.00
0 0.9881 277.22 241.30 317.36 281.14
0 0.9877 198.94 241.36 237.98 281.06
1 0.9877 121.57 241.37 160.20 281.17
0 0.9870 237.92 241.26 277.29 281.16
0 0.9858 1.90 241.19 43.58 281.19
6 0.9857 160.25 82.00 199.01 122.01
2 0.9856 198.87 281.04 238.05 320.00
6 0.9855 2.39 42.38 43.48 82.06
6 0.9854 198.81 42.28 237.97 82.14
8 0.9853 43.40 1.34 82.36 42.19
6 0.9850 277.14 42.24 317.32 82.05
0 0.9846 82.26 241.22 121.61 281.17
6 0.9845 82.36 82.06 121.65 122.02
11 0.9845 160.39 1.34 198.97 42.39
5 0.9831 121.53 281.12 160.32 320.00
