7 0.9902 238.29 1.76 277.58 42.37
7 0.9894 43.26 1.51 82.36 42.21
0 0.9885 277.13 241.30 317.73 281.14
0 0.9880 82.34 241.19 121.43 281.14
4 0.9879 199.28 1.78 238.34 42.25
9 0.9878 2.04 2.20 43.28 42.40
8 0.9874 82.36 1.44 121.27 42.34
0 0.9872 238.01 241.25 277.18 281.13
2 0.9871 82.36 281.10 121.42 320.00
3 0.9871 277.06 281.14 317.76 319.99
0 0.9871 43.38 241.33 82.34 281.17
6 0.9870 160.34 42.32 199.24 82.11
0 0.9869 160.14 161.69 199.12 201.58
2 0.9866 198.73 281.01 238.11 320.00
0 0.9864 1.57 241.24 43.47 281.16
6 0.9864 2.07 42.42 43.40 82.14
6 0.9862 199.08 42.22 238.44 82.15
6 0.9858 43.30 121.83 82.53 161.81
6 0.9857 277.37 42.24 317.14 82.05
3 0.9857 1.63 281.19 43.27 320.00
11 0.9856 82.51 42.30 121.51 82.10
1 0.9855 43.23 281.13 82.39 319.99
6 0.9853 82.49 82.07 121.58 122.02
9 0.9845 277.55 1.99 317.04 42.22
5 0.9833 160.42 281.14 198.86 320.00
1 0.9820 238.12 281.14 277.12 319.97
