7 0.9896 43.42 1.72 82.29 42.26
0 0.9880 160.16 201.56 198.98 241.23
6 0.9866 160.28 121.96 199.02 161.74
6 0.9864 238.17 42.38 277.31 82.06
0 0.9861 160.09 241.21 199.04 281.18
6 0.9859 2.25 42.34 43.41 82.07
6 0.9858 82.41 42.33 121.55 82.11
6 0.9856 277.22 42.29 317.21 82.09
0 0.9853 82.41 201.50 121.50 241.22
0 0.9853 2.14 241.18 43.46 281.20
1 0.9850 2.19 1.68 43.43 42.35
6 0.9850 43.32 42.19 82.44 82.17
5 0.9845 82.36 241.19 121.53 281.12
11 0.9840 82.29 1.26 121.46 42.39
9 0.9839 277.33 1.88 317.27 42.25
10 0.9832 2.72 281.24 43.13 319.99
