1 0.9826 65.89 283.60 114.60 320.00
1 0.9787 67.80 48.67 115.96 103.59
1 0.9720 53.75 45.23 109.64 105.48
1 0.9699 208.18 229.16 257.52 289.85
1 0.9665 157.27 1.48 208.97 63.47
1 0.9662 64.21 264.76 113.99 320.00
1 0.9656 277.32 270.62 317.90 320.00
5 0.9553 249.42 213.08 301.14 269.61
1 0.9540 163.67 271.96 225.36 320.00
1 0.9528 197.66 164.45 244.48 221.69
1 0.9526 222.02 0.71 266.67 50.28
1 0.9485 246.60 132.08 297.05 183.85
1 0.9458 211.54 66.83 263.98 124.22
1 0.9393 56.81 0.30 107.65 48.22
1 0.9385 208.74 241.32 257.31 301.45
1 0.9284 138.18 77.42 186.65 134.24
5 0.9246 209.34 227.13 250.61 269.95
4 0.9241 107.58 0.18 159.76 63.01
1 0.9222 202.37 2.35 244.56 57.32
