7 0.9904 160.17 42.34 198.85 82.10
7 0.9892 43.21 1.62 82.07 42.17
0 0.9885 277.04 241.30 317.93 281.16
3 0.9875 277.01 281.15 317.91 319.99
0 0.9873 237.85 241.25 277.10 281.16
0 0.9873 198.73 241.33 237.85 281.16
6 0.9870 160.22 121.97 198.99 161.72
6 0.9868 238.21 42.40 277.37 82.14
2 0.9868 2.45 1.21 43.22 42.29
6 0.9863 82.30 42.32 121.41 82.08
6 0.9863 198.76 42.29 238.21 82.15
6 0.9861 2.48 42.29 43.32 82.10
6 0.9860 277.21 42.29 317.32 82.12
0 0.9857 1.79 241.20 43.50 281.18
11 0.9851 121.31 1.18 160.12 42.20
0 0.9846 82.27 241.17 121.54 281.19
8 0.9842 121.51 241.24 160.13 281.11
9 0.9841 277.41 1.75 317.21 42.27
5 0.9835 160.31 281.16 198.82 320.00
1 0.9833 238.01 281.16 277.08 319.99
