7 0.9892 43.19 1.49 82.05 42.18
8 0.9889 198.92 1.10 238.07 42.33
7 0.9886 276.94 82.18 317.86 121.93
0 0.9884 277.20 241.30 317.42 281.14
0 0.9880 121.43 161.80 160.13 201.55
6 0.9876 121.41 121.86 160.18 161.81
0 0.9875 160.07 161.72 199.02 201.59
0 0.9873 198.89 241.30 237.98 281.14
0 0.9870 43.35 241.32 82.32 281.17
0 0.9869 237.99 241.24 277.25 281.11
6 0.9869 160.19 121.99 199.00 161.75
6 0.9869 238.08 42.43 277.34 82.16
2 0.9867 2.45 1.10 43.21 42.31
0 0.9864 1.71 241.23 43.44 281.15
6 0.9864 2.51 42.31 43.29 82.10
6 0.9863 82.25 42.33 121.36 82.08
6 0.9860 277.18 42.32 317.34 82.17
6 0.9858 198.85 42.32 238.14 82.15
3 0.9858 1.75 281.18 43.23 320.00
3 0.9857 277.19 281.14 317.82 320.00
1 0.9857 277.12 201.48 317.89 241.28
0 0.9851 82.30 241.20 121.47 281.17
11 0.9851 121.26 1.03 160.08 42.22
1 0.9850 43.19 281.13 82.29 320.00
9 0.9844 277.38 1.64 317.30 42.28
5 0.9833 121.33 281.08 160.20 320.00
