7 0.9916 43.29 1.56 82.37 42.27
0 0.9883 277.22 241.29 317.64 281.15
9 0.9881 1.97 2.19 43.30 42.40
0 0.9873 238.01 241.24 277.27 281.15
0 0.9871 43.36 241.34 82.28 281.19
3 0.9871 277.16 281.14 317.70 319.99
0 0.9870 198.84 241.31 237.97 281.09
6 0.9869 238.08 42.41 277.33 82.14
6 0.9867 2.00 42.42 43.38 82.14
1 0.9863 43.20 281.16 82.34 319.97
0 0.9862 198.86 121.87 238.10 161.75
6 0.9862 43.26 42.21 82.49 82.13
0 0.9861 1.65 241.24 43.46 281.17
11 0.9861 160.36 42.36 198.91 82.10
6 0.9858 277.18 42.29 317.25 82.12
3 0.9858 1.67 281.19 43.25 320.00
8 0.9857 198.85 1.31 238.05 42.24
8 0.9856 82.21 1.16 121.33 42.38
6 0.9852 121.35 42.20 160.43 82.14
2 0.9850 160.11 241.22 198.95 281.15
10 0.9847 82.33 281.21 121.36 320.00
9 0.9841 277.37 1.75 317.14 42.27
1 0.9832 238.14 281.16 277.23 319.98
5 0.9831 160.39 281.10 198.91 320.00
