7 0.9886 43.21 1.88 81.96 42.12
8 0.9875 2.47 81.93 43.30 121.97
0 0.9872 237.99 241.22 277.28 281.15
6 0.9864 237.85 121.92 277.13 161.66
0 0.9862 159.86 161.65 198.99 201.55
0 0.9861 277.22 241.26 317.29 281.08
2 0.9860 2.58 1.68 43.25 42.25
6 0.9858 198.59 42.25 237.81 82.07
11 0.9858 198.70 82.08 237.75 121.86
6 0.9857 82.04 42.30 121.22 82.05
0 0.9853 1.94 241.18 43.41 281.17
6 0.9853 277.12 42.23 317.38 82.05
0 0.9852 82.06 161.52 121.25 201.51
1 0.9852 1.93 201.53 43.35 241.16
6 0.9850 121.14 42.18 159.87 82.13
9 0.9849 2.20 281.20 43.26 320.00
6 0.9845 2.97 42.24 43.16 81.94
5 0.9841 160.04 241.08 198.92 281.12
