0 0.9883 276.96 241.29 317.94 281.16
0 0.9873 198.68 241.34 237.93 281.06
3 0.9873 276.91 281.15 317.94 319.99
0 0.9871 237.87 241.24 277.01 281.14
0 0.9871 43.23 241.33 82.13 281.16
3 0.9864 277.33 1.87 317.02 42.26
6 0.9864 238.09 42.38 277.23 82.15
6 0.9863 121.26 161.77 160.00 201.54
8 0.9861 43.26 161.76 82.09 201.49
2 0.9859 198.67 281.06 238.02 320.00
6 0.9857 277.09 42.27 317.30 82.12
6 0.9856 2.34 42.37 43.30 82.12
6 0.9855 198.69 42.26 238.17 82.14
1 0.9853 82.21 201.53 121.26 241.18
0 0.9851 1.92 241.22 43.35 281.18
11 0.9849 82.35 42.29 121.35 82.07
1 0.9830 238.02 281.14 276.97 319.97
5 0.9828 121.30 241.26 159.91 281.11
