7 0.9918 43.31 1.52 82.38 42.28
8 0.9890 199.12 1.20 238.21 42.29
7 0.9887 277.08 82.18 317.63 121.91
0 0.9884 277.29 241.27 317.69 281.14
0 0.9881 199.06 42.26 238.26 82.14
0 0.9880 82.36 241.18 121.54 281.24
9 0.9880 1.95 2.18 43.33 42.41
0 0.9875 198.87 241.31 238.04 281.15
6 0.9874 160.35 42.35 199.20 82.13
3 0.9874 277.25 281.15 317.71 319.99
0 0.9871 43.38 241.32 82.36 281.18
6 0.9870 238.20 42.42 277.39 82.16
6 0.9869 1.97 42.42 43.40 82.15
1 0.9864 43.21 281.16 82.40 319.98
0 0.9862 1.69 241.23 43.48 281.17
6 0.9861 43.33 42.22 82.59 82.12
3 0.9858 1.71 281.19 43.26 320.00
6 0.9858 277.24 42.32 317.25 82.16
5 0.9854 198.78 281.08 238.07 320.00
11 0.9850 121.47 1.12 160.31 42.23
10 0.9849 82.40 281.22 121.51 320.00
9 0.9841 277.46 1.68 317.24 42.28
1 0.9835 238.09 281.19 277.31 319.98
