7 0.9895 43.26 1.69 82.05 42.15
7 0.9891 198.77 82.17 237.84 121.85
0 0.9886 277.02 241.30 317.98 281.16
0 0.9882 82.05 241.17 121.33 281.25
3 0.9876 276.99 281.15 318.00 320.00
0 0.9873 237.81 241.25 277.08 281.16
6 0.9872 160.09 42.34 199.01 82.15
0 0.9871 198.64 241.33 237.80 281.16
2 0.9870 2.37 1.21 43.27 42.27
0 0.9870 121.23 241.34 159.93 281.18
6 0.9868 238.07 42.42 277.21 82.15
6 0.9864 2.46 42.26 43.33 82.09
6 0.9862 121.28 161.77 160.01 201.55
6 0.9861 277.02 42.30 317.58 82.13
8 0.9856 198.94 1.18 238.08 42.27
11 0.9851 121.26 1.14 160.10 42.22
0 0.9851 2.01 241.22 43.26 281.17
1 0.9848 1.95 201.57 43.19 241.15
10 0.9843 82.14 281.23 121.23 320.00
9 0.9843 277.30 1.68 317.38 42.28
5 0.9836 160.11 281.19 198.74 320.00
1 0.9829 237.98 281.16 277.06 319.99
