7 0.9916 43.29 1.27 82.19 42.40
7 0.9891 198.74 82.15 237.78 122.04
5 0.9890 160.08 281.19 198.82 320.00
10 0.9890 121.23 1.85 160.05 42.45
0 0.9888 276.84 241.36 319.12 281.09
8 0.9885 198.71 0.58 237.77 42.42
0 0.9883 198.77 241.34 237.70 281.07
6 0.9882 1.48 42.49 43.30 82.13
11 0.9882 159.95 0.97 198.91 42.43
6 0.9881 82.25 42.44 121.22 82.14
9 0.9880 1.26 1.81 43.27 42.51
6 0.9877 237.84 42.45 276.86 82.09
0 0.9874 237.71 241.31 276.83 281.07
6 0.9874 159.97 82.04 198.85 122.05
8 0.9872 82.14 0.78 121.31 42.50
0 0.9868 121.23 241.32 159.96 281.11
6 0.9868 276.78 42.32 318.63 82.19
0 0.9867 43.31 241.36 82.19 281.15
6 0.9867 43.21 42.35 82.28 82.10
0 0.9867 159.90 161.77 198.85 201.48
6 0.9866 121.16 42.41 160.16 82.15
2 0.9864 82.17 281.06 121.16 319.99
9 0.9864 276.90 1.43 318.57 42.34
6 0.9864 198.64 42.36 237.92 82.20
3 0.9863 276.79 281.05 318.59 319.94
2 0.9862 198.69 280.99 237.98 319.97
0 0.9861 82.16 241.24 121.23 281.05
0 0.9861 1.51 241.30 43.38 281.23
4 0.9853 121.08 281.11 160.16 320.00
1 0.9840 43.18 281.03 82.26 319.97
3 0.9837 1.31 281.22 43.20 320.00
1 0.9827 237.99 281.01 276.81 319.98
