7 0.9909 238.31 1.48 277.46 42.40
0 0.9884 277.11 241.30 317.69 281.17
0 0.9880 82.35 241.21 121.58 281.17
0 0.9879 43.44 121.87 82.46 161.79
6 0.9871 160.44 121.99 199.03 161.75
3 0.9869 1.93 1.91 43.46 42.35
8 0.9869 160.51 42.42 199.04 82.11
2 0.9868 82.38 281.13 121.56 320.00
0 0.9868 43.44 241.34 82.34 281.18
6 0.9867 238.35 42.38 277.38 82.14
0 0.9866 121.50 241.34 160.32 281.18
0 0.9864 237.97 241.20 277.16 281.12
1 0.9860 198.87 201.50 237.96 241.26
6 0.9860 277.23 42.29 317.31 82.13
3 0.9859 277.11 281.17 317.83 320.00
6 0.9858 198.91 121.88 238.14 161.81
11 0.9850 160.41 1.00 199.16 42.42
1 0.9847 43.40 281.14 82.41 319.99
5 0.9843 160.29 241.17 198.93 281.13
9 0.9841 277.43 1.71 317.15 42.27
