7 0.9902 238.19 1.64 277.44 42.35
8 0.9892 199.10 1.66 238.21 42.26
2 0.9890 277.29 1.03 316.98 42.19
0 0.9879 277.26 241.26 317.57 281.14
9 0.9878 2.14 2.20 43.26 42.36
0 0.9869 43.33 241.31 82.29 281.16
0 0.9869 198.78 241.31 238.02 281.17
11 0.9864 121.62 42.18 160.37 82.10
6 0.9863 2.24 42.38 43.40 82.11
6 0.9858 82.50 42.30 121.69 82.10
3 0.9857 277.17 281.15 317.76 320.00
6 0.9855 199.00 42.26 238.28 82.12
1 0.9854 82.37 201.49 121.34 241.15
6 0.9852 277.21 42.15 317.03 82.03
0 0.9852 1.80 241.22 43.44 281.18
5 0.9837 160.10 241.14 198.93 281.13
1 0.9836 160.25 122.00 199.00 161.63
