7 0.9885 198.74 82.17 237.85 121.84
0 0.9883 277.17 241.28 317.58 281.15
0 0.9882 82.14 241.19 121.41 281.15
0 0.9877 159.95 161.72 198.94 201.59
2 0.9875 43.22 121.71 82.26 161.76
0 0.9872 121.26 241.34 160.01 281.17
6 0.9869 160.15 121.98 198.92 161.76
9 0.9868 2.27 2.11 43.14 42.40
6 0.9867 237.98 42.39 277.13 82.17
0 0.9866 238.00 241.24 277.20 281.16
6 0.9865 2.37 42.42 43.28 82.14
6 0.9865 82.37 42.34 121.46 82.11
2 0.9864 82.18 281.11 121.41 320.00
6 0.9861 277.00 42.30 317.52 82.13
11 0.9861 160.24 42.37 198.74 82.11
3 0.9860 277.14 281.16 317.79 320.00
6 0.9859 43.17 42.23 82.40 82.14
6 0.9857 198.66 42.26 238.02 82.18
0 0.9850 2.24 241.23 43.27 281.18
6 0.9848 121.26 121.85 160.09 161.81
1 0.9847 42.98 281.12 82.23 320.00
9 0.9838 277.21 1.76 317.26 42.28
8 0.9834 2.23 281.25 43.06 320.00
5 0.9827 121.29 281.14 160.03 320.00
