7 0.9907 238.10 1.56 277.34 42.39
0 0.9878 121.42 161.79 160.31 201.55
6 0.9876 121.43 121.88 160.34 161.80
0 0.9874 198.86 241.32 238.11 281.07
0 0.9868 277.34 161.72 317.34 201.44
0 0.9865 238.06 241.23 277.28 281.12
6 0.9865 2.10 42.43 43.38 82.13
6 0.9864 238.13 42.37 277.24 82.15
2 0.9864 198.88 281.07 238.17 320.00
6 0.9861 277.11 42.28 317.39 82.13
6 0.9861 82.46 42.35 121.66 82.09
6 0.9861 160.19 82.07 198.84 122.04
0 0.9858 160.07 241.21 199.05 281.17
0 0.9857 1.76 241.21 43.43 281.19
6 0.9857 198.70 42.27 238.22 82.16
6 0.9853 82.43 82.08 121.69 122.00
11 0.9849 121.61 1.17 160.15 42.28
1 0.9849 160.35 121.97 199.00 161.70
9 0.9845 277.30 1.81 317.24 42.26
3 0.9839 2.28 161.69 43.37 201.59
5 0.9830 121.51 241.29 160.13 281.12
