7 0.9897 82.58 82.12 121.58 121.99
0 0.9884 277.02 241.29 317.86 281.15
0 0.9880 121.37 161.83 160.15 201.58
6 0.9876 121.39 121.89 160.21 161.83
0 0.9875 198.71 241.33 237.97 281.05
2 0.9875 121.28 0.99 160.16 42.23
0 0.9873 237.92 241.24 277.08 281.13
8 0.9873 82.24 1.17 121.38 42.35
0 0.9871 43.36 161.83 82.25 201.55
3 0.9870 276.97 281.14 317.84 319.99
6 0.9870 160.25 122.00 198.98 161.75
6 0.9869 238.16 42.42 277.38 82.14
6 0.9869 2.21 42.43 43.34 82.15
6 0.9868 82.52 42.36 121.46 82.16
9 0.9866 2.11 2.04 43.23 42.41
2 0.9862 198.71 281.00 238.03 320.00
6 0.9861 277.23 42.31 317.29 82.13
0 0.9861 159.88 241.23 198.89 281.18
6 0.9861 43.24 42.22 82.50 82.15
0 0.9860 1.80 241.24 43.43 281.15
6 0.9859 198.83 42.28 238.17 82.14
3 0.9854 1.96 281.18 43.13 320.00
1 0.9846 43.06 281.12 82.11 320.00
11 0.9844 160.10 0.99 199.04 42.34
9 0.9840 277.42 1.65 317.11 42.28
4 0.9838 121.28 281.08 160.08 320.00
5 0.9833 121.34 241.25 159.92 281.10
1 0.9821 238.05 281.14 277.02 319.97
