7 0.9916 43.28 1.28 82.17 42.40
5 0.9894 160.08 281.22 198.81 320.00
7 0.9891 198.70 82.15 237.76 122.03
0 0.9888 276.84 241.36 319.12 281.09
11 0.9886 159.94 0.97 198.90 42.48
8 0.9885 198.70 0.56 237.77 42.42
0 0.9884 198.76 241.33 237.70 281.06
6 0.9882 1.53 42.49 43.28 82.13
0 0.9882 121.26 161.85 159.98 201.43
6 0.9880 82.25 42.44 121.29 82.18
9 0.9879 1.28 1.81 43.26 42.51
6 0.9877 237.83 42.45 276.84 82.09
6 0.9875 121.30 82.20 160.04 121.97
0 0.9874 237.72 241.30 276.83 281.07
8 0.9873 82.13 0.79 121.30 42.50
10 0.9872 121.20 1.72 159.99 42.41
6 0.9868 276.77 42.33 318.68 82.19
6 0.9868 160.12 42.34 198.62 82.09
0 0.9867 43.30 241.36 82.18 281.15
6 0.9867 43.19 42.35 82.26 82.10
6 0.9867 198.59 42.37 237.91 82.21
2 0.9866 82.16 281.05 121.17 319.99
0 0.9866 159.89 241.23 198.84 281.20
2 0.9865 198.67 280.99 237.99 319.98
9 0.9864 276.89 1.42 318.62 42.34
3 0.9863 276.79 281.05 318.59 319.95
0 0.9862 82.15 241.24 121.27 281.05
0 0.9861 1.54 241.30 43.37 281.23
4 0.9853 121.10 281.17 160.17 320.00
1 0.9840 43.17 281.03 82.25 319.97
3 0.9837 1.33 281.22 43.19 320.00
1 0.9826 238.00 281.01 276.82 319.98
