7 0.9916 43.22 1.28 82.28 42.30
10 0.9899 199.01 241.26 237.98 281.10
8 0.9890 198.96 1.04 238.12 42.33
7 0.9888 160.11 161.76 198.96 201.61
0 0.9887 277.27 241.30 317.64 281.15
0 0.9882 82.28 241.21 121.37 281.15
2 0.9876 43.28 121.73 82.34 161.79
0 0.9871 121.33 241.36 160.19 281.14
6 0.9870 238.13 42.44 277.39 82.15
0 0.9870 43.37 241.34 82.27 281.17
9 0.9869 2.10 2.03 43.23 42.42
6 0.9868 2.18 42.44 43.32 82.16
2 0.9866 82.30 281.11 121.35 320.00
0 0.9866 121.30 121.89 160.20 161.79
6 0.9866 160.27 42.37 199.02 82.12
0 0.9865 237.99 241.26 277.31 281.12
0 0.9865 1.64 241.25 43.46 281.16
6 0.9863 43.19 42.24 82.36 82.15
6 0.9861 277.23 42.32 317.30 82.14
6 0.9861 198.91 42.33 238.18 82.17
8 0.9859 82.13 0.91 121.20 42.40
1 0.9858 198.99 201.54 238.02 241.34
3 0.9857 277.24 281.15 317.82 320.00
3 0.9856 1.65 281.19 43.26 320.00
6 0.9853 82.29 82.06 121.51 122.02
1 0.9852 43.22 281.13 82.34 319.99
11 0.9850 160.15 0.89 199.11 42.39
5 0.9843 160.35 281.22 199.03 320.00
4 0.9842 121.31 281.10 160.45 320.00
9 0.9841 277.42 1.58 317.14 42.29
