7 0.9914 43.22 1.42 82.31 42.29
7 0.9907 198.93 42.34 238.07 82.15
0 0.9885 277.19 241.30 317.61 281.16
9 0.9875 2.10 2.10 43.23 42.42
0 0.9871 198.73 241.35 237.93 281.17
0 0.9870 121.17 241.37 159.93 281.17
0 0.9870 159.96 161.73 198.99 201.62
0 0.9869 237.92 241.26 277.23 281.14
6 0.9865 2.17 42.44 43.33 82.16
6 0.9862 238.10 42.41 277.30 82.14
6 0.9860 43.19 42.23 82.45 82.15
6 0.9860 277.19 42.30 317.28 82.13
3 0.9860 277.17 281.17 317.81 320.00
2 0.9857 2.47 201.54 43.21 241.21
6 0.9855 43.20 121.81 82.31 161.82
0 0.9855 81.97 241.22 121.26 281.20
11 0.9854 82.45 42.34 121.38 82.09
0 0.9848 2.37 241.19 43.08 281.19
6 0.9847 121.27 121.87 160.12 161.84
1 0.9840 42.89 281.13 82.07 320.00
5 0.9837 160.14 281.19 198.81 320.00
9 0.9837 277.34 1.74 317.15 42.27
8 0.9833 2.28 281.25 42.94 320.00
