8 0.9888 199.02 1.22 238.14 42.33
0 0.9886 276.99 241.29 317.96 281.15
7 0.9885 160.11 161.76 198.98 201.57
3 0.9873 276.95 281.14 317.90 319.99
9 0.9872 2.12 2.11 43.24 42.41
0 0.9871 237.93 241.24 277.04 281.12
6 0.9871 160.29 122.00 199.10 161.78
2 0.9871 198.69 281.00 238.04 320.00
0 0.9870 43.37 241.33 82.32 281.17
9 0.9870 82.39 281.19 121.42 319.98
6 0.9867 2.19 42.43 43.36 82.15
6 0.9865 238.17 42.41 277.30 82.16
6 0.9865 82.49 42.35 121.50 82.10
1 0.9865 43.21 281.12 82.36 320.00
0 0.9862 1.56 241.24 43.46 281.16
6 0.9858 43.26 42.23 82.52 82.13
6 0.9858 277.15 121.91 317.47 161.76
3 0.9858 1.68 281.19 43.24 320.00
6 0.9857 198.99 42.32 238.23 82.15
11 0.9850 121.45 1.01 160.22 42.23
5 0.9834 160.28 281.13 198.80 320.00
1 0.9828 238.06 281.13 277.00 319.97
