7 0.9912 43.21 1.45 82.28 42.27
8 0.9884 82.13 201.52 121.34 241.20
0 0.9883 277.05 241.29 317.68 281.15
9 0.9877 2.16 2.15 43.21 42.40
8 0.9877 82.26 1.33 121.28 42.35
0 0.9871 159.86 161.68 198.86 201.59
1 0.9870 198.71 201.56 237.83 241.28
0 0.9867 237.83 241.20 277.10 281.12
6 0.9867 238.06 42.38 277.25 82.15
0 0.9866 198.76 241.26 237.80 281.09
2 0.9864 82.07 161.64 121.29 201.55
6 0.9864 2.27 42.42 43.32 82.13
6 0.9863 82.39 42.32 121.44 82.11
11 0.9861 160.27 42.35 198.80 82.09
6 0.9859 43.23 42.20 82.42 82.12
6 0.9859 198.70 42.24 238.12 82.15
6 0.9859 277.12 42.29 317.27 82.12
3 0.9858 277.00 281.15 317.87 320.00
6 0.9857 121.23 161.77 159.93 201.52
6 0.9852 121.27 42.18 160.34 82.15
0 0.9849 2.02 241.20 43.26 281.17
0 0.9848 82.04 241.19 121.39 281.19
5 0.9840 121.32 241.22 159.94 281.09
9 0.9839 277.34 1.75 317.09 42.26
