7 0.9907 238.12 1.56 277.42 42.39
8 0.9893 198.89 1.34 238.13 42.32
0 0.9885 277.03 241.29 317.87 281.15
0 0.9876 198.74 241.33 237.96 281.04
4 0.9875 2.71 1.79 43.00 42.29
0 0.9873 237.91 241.24 277.09 281.13
0 0.9872 121.39 161.81 160.19 201.55
3 0.9872 276.99 281.14 317.88 320.00
0 0.9871 43.37 241.34 82.31 281.18
6 0.9866 2.59 42.32 43.25 82.09
6 0.9865 238.16 42.38 277.32 82.16
0 0.9864 1.58 241.24 43.46 281.16
6 0.9862 82.23 42.32 121.38 82.08
3 0.9859 1.61 281.19 43.26 320.00
6 0.9859 277.18 42.27 317.29 82.13
2 0.9857 198.70 281.00 238.03 320.00
6 0.9857 198.81 42.31 238.22 82.14
11 0.9850 121.34 1.13 160.09 42.21
9 0.9849 277.38 1.79 317.22 42.25
1 0.9846 43.21 281.13 82.32 320.00
5 0.9845 160.34 281.12 198.81 320.00
8 0.9842 121.25 281.04 160.40 320.00
1 0.9820 238.05 281.13 277.05 319.98
