0 0.9841 140.49 137.63 164.63 171.88
0 0.9828 115.76 172.05 141.20 204.79
6 0.9811 140.05 70.19 164.67 104.12
0 0.9809 67.44 239.03 92.26 272.74
6 0.9783 164.53 172.12 189.54 204.98
6 0.9758 90.55 70.12 115.94 103.75
9 0.9717 189.43 272.74 220.34 316.15
0 0.9716 164.42 239.01 189.83 272.57
6 0.9707 66.70 70.09 92.06 103.94
2 0.9678 91.36 272.97 115.99 317.50
0 0.9658 43.18 171.82 67.45 204.71
0 0.9622 115.79 137.61 141.36 172.09
4 0.9421 140.28 238.94 164.56 272.73
8 0.9349 67.05 273.04 92.29 317.30
0 0.9345 18.70 239.12 45.37 272.63
9 0.9299 140.20 35.11 165.31 70.31
6 0.9240 16.32 70.11 45.65 104.88
