7 0.9910 43.36 1.75 82.32 42.27
7 0.9898 238.07 1.77 277.29 42.40
9 0.9881 2.19 2.30 43.38 42.39
0 0.9877 198.85 241.37 237.89 281.06
3 0.9876 277.20 42.35 318.05 82.05
0 0.9870 121.46 121.90 160.16 161.82
0 0.9866 237.85 241.26 277.18 281.17
11 0.9862 121.60 42.22 160.27 82.13
6 0.9861 2.38 42.41 43.40 82.08
4 0.9858 121.38 161.82 160.03 201.52
6 0.9855 43.31 42.19 82.53 82.18
2 0.9854 198.78 281.04 237.95 320.00
6 0.9853 198.95 42.28 238.16 82.13
0 0.9852 2.03 241.23 43.49 281.18
0 0.9851 160.03 161.75 199.14 201.63
6 0.9848 82.46 82.10 121.77 122.04
1 0.9844 43.33 281.11 82.17 319.99
5 0.9817 121.33 281.10 160.10 320.00
