7 0.9905 238.00 1.73 277.28 42.36
8 0.9880 121.60 42.19 160.23 82.10
2 0.9873 82.48 281.14 121.60 320.00
0 0.9871 43.39 241.34 82.41 281.20
1 0.9867 43.26 281.13 82.50 320.00
0 0.9865 238.14 241.27 277.55 281.17
3 0.9865 198.99 1.97 237.98 42.24
6 0.9864 198.75 82.14 237.86 121.95
6 0.9864 238.02 42.33 277.22 82.15
0 0.9863 199.00 201.50 238.25 241.26
0 0.9862 1.49 241.24 43.48 281.18
0 0.9862 121.45 121.85 160.33 161.73
6 0.9861 82.51 42.33 121.63 82.08
3 0.9860 1.57 281.20 43.29 320.00
6 0.9860 277.09 42.27 317.43 82.13
11 0.9859 160.23 42.34 198.77 82.08
0 0.9855 277.49 241.29 316.92 281.07
5 0.9855 199.09 241.25 238.19 281.12
6 0.9855 43.34 42.20 82.53 82.10
1 0.9852 277.43 201.46 317.47 241.27
9 0.9845 277.24 1.82 317.28 42.25
