0 0.9888 276.99 241.31 318.01 281.17
3 0.9877 276.98 281.17 318.01 320.00
0 0.9873 43.19 241.33 81.98 281.16
0 0.9870 237.86 241.27 277.05 281.20
6 0.9865 160.24 121.98 198.99 161.78
8 0.9865 1.90 1.28 43.51 42.32
7 0.9865 2.29 281.26 43.05 320.00
11 0.9862 121.61 42.23 160.29 82.14
0 0.9861 2.13 241.15 43.22 281.20
0 0.9861 159.82 241.24 198.84 281.18
2 0.9861 198.66 281.02 237.95 320.00
6 0.9856 2.43 122.07 43.29 161.72
4 0.9854 199.06 42.40 238.05 82.15
0 0.9853 81.93 241.24 121.24 281.17
6 0.9852 277.24 42.21 317.27 82.05
1 0.9850 42.98 281.13 81.99 320.00
6 0.9849 121.27 121.89 160.17 161.81
5 0.9834 121.20 281.11 159.89 320.00
1 0.9819 237.99 281.13 277.04 319.98
