7 0.9898 82.42 82.10 121.50 121.99
7 0.9887 276.92 82.18 317.87 121.93
0 0.9886 277.09 241.29 317.84 281.15
0 0.9880 121.40 161.83 160.19 201.58
0 0.9877 198.76 241.32 238.04 281.06
6 0.9876 121.39 121.89 160.21 161.83
4 0.9875 2.73 1.75 42.98 42.31
0 0.9874 237.99 241.24 277.15 281.14
3 0.9871 277.06 281.15 317.81 319.99
0 0.9870 43.33 241.33 82.25 281.18
6 0.9870 160.18 122.00 198.97 161.75
6 0.9869 2.60 42.35 43.23 82.12
6 0.9868 238.14 42.42 277.34 82.16
8 0.9868 81.98 1.21 121.25 42.35
0 0.9862 1.77 241.24 43.42 281.16
2 0.9862 198.75 281.01 238.09 320.00
0 0.9861 160.01 241.22 198.97 281.16
6 0.9860 277.18 42.32 317.33 82.17
6 0.9858 198.82 42.28 238.18 82.15
3 0.9856 1.83 281.19 43.20 320.00
11 0.9853 121.20 1.06 160.01 42.21
0 0.9851 82.22 241.20 121.51 281.20
1 0.9850 43.15 281.15 82.23 320.00
9 0.9842 277.37 1.69 317.26 42.28
5 0.9838 121.43 241.24 160.05 281.10
1 0.9821 238.12 281.14 277.11 319.98
