8 0.9874 2.08 1.26 43.52 42.31
0 0.9870 198.82 241.35 238.19 281.22
7 0.9870 2.20 281.32 43.14 320.00
0 0.9869 43.24 241.34 82.18 281.19
0 0.9865 1.96 241.18 43.24 281.26
0 0.9862 238.03 122.00 277.02 161.68
6 0.9861 2.39 42.33 43.49 82.10
6 0.9858 237.88 82.07 277.14 121.96
6 0.9857 277.12 42.27 317.48 82.08
0 0.9857 277.46 241.27 317.26 281.11
0 0.9856 159.89 241.25 198.97 281.23
6 0.9856 198.67 42.28 238.25 82.13
11 0.9851 121.69 1.17 160.19 42.22
9 0.9839 277.41 1.80 317.35 42.26
5 0.9829 121.41 241.32 159.97 281.16
