7 0.9908 238.16 1.41 277.45 42.40
7 0.9895 82.48 82.11 121.49 121.98
0 0.9886 277.14 241.30 317.73 281.15
0 0.9881 198.88 161.78 238.00 201.53
4 0.9878 43.36 82.16 82.47 121.85
0 0.9873 238.00 241.25 277.19 281.13
2 0.9870 198.69 281.02 238.10 320.00
3 0.9870 277.07 281.14 317.76 319.99
0 0.9870 43.35 241.32 82.29 281.15
8 0.9867 82.14 0.98 121.28 42.38
6 0.9867 2.17 42.44 43.37 82.15
6 0.9865 238.19 42.38 277.34 82.16
9 0.9864 2.11 1.99 43.24 42.42
0 0.9864 159.98 241.23 198.91 281.18
0 0.9863 1.66 241.23 43.43 281.16
6 0.9861 277.22 42.29 317.28 82.13
6 0.9857 198.79 42.29 238.25 82.14
6 0.9852 121.32 121.85 160.13 161.81
11 0.9851 121.22 0.94 160.03 42.23
6 0.9850 43.34 42.24 82.45 82.20
1 0.9848 82.32 201.55 121.32 241.21
0 0.9846 82.24 241.23 121.35 281.13
9 0.9843 277.41 1.67 317.13 42.27
3 0.9836 1.82 281.19 43.21 320.00
5 0.9834 160.26 281.13 198.84 320.00
1 0.9820 238.12 281.14 277.12 319.98
