8 0.9884 199.00 1.32 238.12 42.26
7 0.9884 277.29 281.17 316.94 320.00
10 0.9883 160.53 1.73 199.13 42.33
0 0.9880 82.42 241.21 121.66 281.17
0 0.9878 43.43 121.85 82.50 161.77
0 0.9877 277.41 241.29 316.97 281.14
0 0.9876 160.23 161.72 199.14 201.57
8 0.9872 82.56 1.48 121.66 42.35
11 0.9871 198.97 42.29 238.14 82.14
6 0.9871 160.41 121.99 199.12 161.75
0 0.9868 43.46 241.34 82.39 281.19
6 0.9867 238.14 42.41 277.38 82.15
6 0.9867 199.04 82.12 238.04 121.92
3 0.9866 43.50 1.77 82.51 42.29
0 0.9866 238.14 241.27 277.47 281.17
2 0.9865 82.46 281.13 121.66 320.00
0 0.9865 121.55 241.33 160.45 281.18
6 0.9865 82.69 42.31 121.73 82.09
6 0.9865 43.47 42.23 82.70 82.11
6 0.9862 277.23 42.31 317.41 82.13
0 0.9860 198.98 201.52 238.25 241.23
6 0.9853 121.62 42.20 160.61 82.14
1 0.9851 277.37 201.46 317.57 241.27
1 0.9848 43.43 281.14 82.48 319.99
5 0.9845 160.42 241.15 199.13 281.13
9 0.9839 277.41 1.71 317.24 42.28
