7 0.9915 43.31 1.37 82.35 42.29
0 0.9887 277.13 241.29 317.80 281.14
8 0.9887 198.97 1.23 238.13 42.31
8 0.9876 82.32 1.19 121.34 42.36
0 0.9876 198.83 241.32 238.02 281.03
9 0.9873 1.97 2.13 43.32 42.42
0 0.9873 121.48 161.83 160.14 201.56
6 0.9870 1.86 42.42 43.45 82.11
0 0.9869 237.97 241.25 277.19 281.10
0 0.9869 43.36 241.33 82.32 281.17
6 0.9868 238.13 42.40 277.45 82.14
0 0.9867 160.08 161.70 199.07 201.61
0 0.9865 1.70 241.24 43.46 281.15
6 0.9864 82.51 42.34 121.48 82.11
6 0.9862 43.32 42.22 82.53 82.13
2 0.9862 198.86 281.04 238.11 320.00
6 0.9861 277.28 42.25 317.11 82.12
6 0.9859 198.93 42.31 238.18 82.13
3 0.9858 1.75 281.18 43.24 320.00
3 0.9858 277.11 281.15 317.94 320.00
6 0.9854 121.32 42.21 160.33 82.14
1 0.9853 277.51 1.26 317.01 42.29
0 0.9850 82.30 241.20 121.46 281.17
11 0.9850 160.16 1.01 199.12 42.36
1 0.9849 43.19 281.13 82.27 320.00
5 0.9832 121.29 281.08 160.22 320.00
