7 0.9894 276.88 82.17 317.39 121.90
7 0.9891 82.54 82.09 121.53 121.94
0 0.9882 277.09 241.29 317.52 281.14
2 0.9875 43.27 121.75 82.37 161.76
0 0.9873 43.45 241.30 82.28 281.16
0 0.9872 237.87 241.22 277.11 281.14
0 0.9867 237.95 161.69 277.16 201.51
11 0.9866 82.53 42.32 121.49 82.14
6 0.9866 2.51 122.05 43.41 161.71
8 0.9866 199.02 161.75 237.95 201.55
6 0.9864 121.36 121.87 160.10 161.74
6 0.9863 237.89 42.37 277.16 82.09
6 0.9860 121.35 161.74 160.07 201.51
0 0.9860 160.03 161.71 199.09 201.57
3 0.9859 1.44 281.18 43.37 320.00
1 0.9859 198.95 201.48 237.89 241.23
0 0.9858 2.42 161.75 43.49 201.63
6 0.9856 277.04 42.29 317.25 82.13
6 0.9855 43.38 42.21 82.52 82.16
6 0.9853 198.89 42.29 237.90 82.09
1 0.9852 43.35 281.11 82.33 320.00
9 0.9852 2.18 2.09 43.41 42.37
3 0.9851 277.09 281.16 317.64 320.00
0 0.9851 82.24 241.21 121.45 281.16
5 0.9839 160.21 241.14 199.00 281.14
