7 0.9908 238.17 1.44 277.46 42.40
7 0.9898 82.53 82.09 121.60 121.96
0 0.9886 277.04 241.30 317.94 281.15
0 0.9876 198.66 241.33 237.95 281.06
0 0.9873 237.91 241.25 277.10 281.13
3 0.9872 276.95 281.14 317.95 319.99
0 0.9871 43.23 161.84 82.15 201.53
0 0.9870 43.27 241.32 82.12 281.15
0 0.9865 159.83 241.22 198.85 281.18
8 0.9864 82.22 1.08 121.41 42.37
6 0.9864 238.22 42.38 277.35 82.15
0 0.9862 160.06 122.02 199.04 161.70
6 0.9861 277.23 42.28 317.35 82.13
6 0.9861 43.29 42.23 82.55 82.13
2 0.9860 198.64 281.01 237.99 320.00
6 0.9858 2.25 122.06 43.30 161.79
0 0.9858 1.87 241.24 43.36 281.15
6 0.9856 198.79 42.29 238.30 82.14
4 0.9852 121.39 121.88 160.13 161.75
11 0.9852 121.37 1.03 160.06 42.22
9 0.9851 2.16 2.00 43.26 42.37
1 0.9849 1.80 201.65 43.34 241.17
9 0.9843 277.41 1.68 317.20 42.27
5 0.9833 160.05 281.13 198.77 320.00
3 0.9833 2.01 281.18 43.12 320.00
1 0.9820 238.02 281.14 277.00 319.97
