7 0.9915 43.26 1.63 82.37 42.25
7 0.9900 238.13 1.65 277.42 42.35
2 0.9891 277.28 1.00 317.01 42.21
0 0.9882 277.12 241.28 317.72 281.14
9 0.9880 2.06 2.27 43.27 42.38
8 0.9878 82.36 1.47 121.37 42.33
0 0.9876 198.85 241.32 238.06 281.04
0 0.9876 160.09 161.71 199.03 201.58
8 0.9875 82.40 121.93 121.43 161.71
0 0.9872 238.01 241.24 277.17 281.13
0 0.9871 43.41 241.33 82.35 281.18
3 0.9868 277.08 281.14 317.69 319.99
6 0.9868 160.33 121.98 199.05 161.75
6 0.9865 2.16 42.40 43.37 82.14
6 0.9864 82.52 42.29 121.53 82.11
2 0.9863 198.86 281.05 238.15 320.00
6 0.9860 43.29 42.18 82.55 82.13
11 0.9860 160.40 42.34 198.95 82.09
6 0.9859 198.85 42.22 238.27 82.16
3 0.9858 1.30 281.18 43.26 320.00
6 0.9855 277.25 42.17 317.04 82.06
0 0.9855 1.80 161.71 43.47 201.58
1 0.9853 43.23 281.13 82.35 320.00
0 0.9850 82.33 241.20 121.58 281.19
5 0.9840 121.53 241.24 160.22 281.08
1 0.9825 238.14 281.13 277.13 319.97
