7 0.9908 238.00 1.33 277.39 42.41
7 0.9897 82.44 82.11 121.45 121.98
8 0.9895 198.81 1.09 238.01 42.33
0 0.9889 277.03 241.30 317.97 281.15
10 0.9884 121.22 1.74 160.03 42.27
0 0.9881 82.18 241.19 121.27 281.14
0 0.9880 121.32 161.82 160.10 201.56
0 0.9880 198.74 241.34 237.92 281.03
6 0.9876 121.31 121.89 160.12 161.82
0 0.9876 237.87 241.25 277.09 281.12
8 0.9875 82.17 1.13 121.29 42.37
6 0.9872 82.36 42.37 121.35 82.16
3 0.9872 276.97 281.14 317.97 319.99
2 0.9871 82.18 281.11 121.27 320.00
6 0.9871 2.06 42.43 43.35 82.11
0 0.9871 43.30 241.32 82.18 281.13
6 0.9869 160.09 42.37 198.87 82.13
6 0.9869 238.04 42.39 277.30 82.17
0 0.9863 1.76 241.25 43.38 281.14
6 0.9863 277.18 42.29 317.41 82.14
0 0.9863 160.07 122.02 198.99 161.72
6 0.9862 43.19 42.23 82.37 82.15
2 0.9862 198.71 280.99 237.99 320.00
6 0.9861 198.75 42.33 238.06 82.18
9 0.9861 2.13 1.99 43.17 42.42
1 0.9854 1.63 201.63 43.38 241.18
11 0.9853 159.97 1.04 198.98 42.39
9 0.9849 277.33 1.62 317.26 42.28
5 0.9846 160.14 281.19 198.82 320.00
4 0.9842 121.24 281.09 160.22 320.00
3 0.9832 1.89 281.17 43.14 320.00
1 0.9818 237.95 281.13 276.99 319.95
