8 0.9900 199.04 201.47 238.15 241.29
10 0.9888 2.73 1.90 43.08 42.29
0 0.9879 82.35 241.20 121.53 281.15
0 0.9878 121.44 161.80 160.33 201.57
6 0.9872 121.45 121.86 160.34 161.81
0 0.9867 199.04 241.27 238.11 281.16
0 0.9864 238.11 241.21 277.46 281.14
2 0.9863 82.38 281.11 121.53 320.00
11 0.9863 121.60 42.20 160.39 82.13
6 0.9860 160.38 42.30 199.26 82.17
6 0.9860 82.44 42.31 121.68 82.12
6 0.9854 43.22 42.19 82.48 82.11
1 0.9853 43.38 281.11 82.40 319.99
0 0.9853 277.41 241.27 317.14 281.08
6 0.9849 277.20 42.19 317.23 82.06
5 0.9818 121.44 281.09 160.30 320.00
