7 0.9916 43.20 1.57 82.20 42.27
0 0.9885 277.06 241.29 317.89 281.15
2 0.9884 121.38 1.19 160.28 42.26
9 0.9878 2.19 2.24 43.21 42.40
0 0.9877 198.74 241.34 237.97 281.05
0 0.9873 237.92 241.24 277.12 281.13
3 0.9872 277.00 281.14 317.92 320.00
6 0.9871 121.49 82.13 160.21 121.90
0 0.9871 121.37 161.82 160.16 201.55
0 0.9870 43.32 241.31 82.20 281.14
11 0.9865 121.41 42.19 160.18 82.14
6 0.9864 2.24 42.42 43.33 82.15
6 0.9863 198.89 82.12 237.93 121.97
6 0.9861 82.37 42.32 121.48 82.13
6 0.9860 43.24 42.21 82.40 82.13
0 0.9859 1.77 241.25 43.40 281.14
6 0.9858 277.21 42.27 317.39 82.07
6 0.9858 198.88 42.26 238.18 82.14
2 0.9857 198.69 281.00 238.04 320.00
1 0.9853 1.64 201.63 43.41 241.18
0 0.9852 82.17 241.20 121.34 281.18
5 0.9845 160.25 281.13 198.81 320.00
9 0.9843 277.44 1.94 317.21 42.25
8 0.9841 121.24 281.05 160.30 320.00
3 0.9834 1.90 281.18 43.16 320.00
1 0.9817 238.06 281.14 277.06 319.98
