7 0.9930 237.72 1.44 276.98 42.51
7 0.9894 82.32 82.20 121.38 122.02
5 0.9893 160.08 281.22 198.81 320.00
8 0.9892 198.69 0.55 237.80 42.43
0 0.9890 121.29 161.84 160.01 201.44
0 0.9888 276.85 241.36 319.13 281.09
0 0.9884 198.76 241.33 237.70 281.06
11 0.9884 159.92 0.94 198.91 42.48
6 0.9883 1.49 42.49 43.30 82.13
6 0.9878 121.28 121.96 160.05 161.86
6 0.9875 237.83 42.44 276.89 82.10
0 0.9874 237.72 241.31 276.83 281.07
6 0.9872 82.28 42.46 121.30 82.23
9 0.9872 1.28 1.72 43.25 42.51
10 0.9872 121.21 1.65 159.97 42.42
8 0.9869 82.11 0.75 121.31 42.50
6 0.9868 276.81 42.35 318.55 82.19
6 0.9868 160.07 42.34 198.60 82.12
0 0.9867 43.30 241.36 82.18 281.15
6 0.9867 198.58 42.37 237.90 82.21
0 0.9866 159.89 241.23 198.84 281.20
2 0.9865 82.17 281.06 121.18 319.99
6 0.9865 43.18 42.32 82.26 82.12
2 0.9864 198.67 280.99 237.99 319.98
3 0.9863 276.79 281.05 318.60 319.94
9 0.9862 276.91 1.52 318.51 42.37
0 0.9862 82.15 241.24 121.28 281.05
0 0.9862 1.52 241.30 43.38 281.23
4 0.9853 121.11 281.17 160.17 320.00
1 0.9839 43.16 281.04 82.26 320.00
3 0.9837 1.33 281.22 43.20 320.00
1 0.9826 238.00 281.01 276.82 319.98
