7 0.9915 43.26 1.35 82.30 42.29
7 0.9909 238.08 1.45 277.42 42.40
8 0.9893 198.90 1.25 238.08 42.32
0 0.9886 277.07 241.30 317.81 281.14
0 0.9882 198.86 161.78 237.95 201.54
2 0.9875 121.29 0.97 160.20 42.24
8 0.9874 82.27 1.14 121.39 42.35
0 0.9873 237.95 241.25 277.13 281.13
9 0.9872 2.02 2.09 43.27 42.41
3 0.9872 277.01 281.14 317.84 319.99
0 0.9871 43.36 241.35 82.26 281.18
6 0.9869 2.08 42.43 43.35 82.15
6 0.9868 238.11 42.39 277.35 82.14
2 0.9867 198.70 281.02 238.06 320.00
6 0.9866 82.42 42.31 121.42 82.11
0 0.9865 159.99 241.24 198.91 281.21
0 0.9865 1.64 241.25 43.45 281.16
6 0.9862 43.28 42.22 82.43 82.13
6 0.9861 277.20 42.28 317.33 82.14
6 0.9859 198.84 42.31 238.11 82.14
3 0.9858 1.68 281.19 43.23 320.00
6 0.9852 121.31 121.85 160.15 161.80
9 0.9850 277.37 1.70 317.22 42.27
11 0.9849 160.14 0.96 199.06 42.34
10 0.9846 121.26 281.19 160.24 320.00
1 0.9846 43.18 281.13 82.25 320.00
5 0.9846 160.19 281.21 198.84 320.00
1 0.9820 238.02 281.14 277.03 319.95
