7 0.9918 43.26 1.56 82.30 42.27
7 0.9909 238.20 1.56 277.43 42.39
8 0.9894 199.03 1.31 238.22 42.31
10 0.9884 199.20 201.49 238.29 241.34
9 0.9880 2.07 2.20 43.27 42.39
0 0.9876 199.09 241.33 238.31 281.04
1 0.9874 121.62 121.93 160.35 161.79
0 0.9870 43.37 241.33 82.43 281.16
0 0.9870 121.60 161.79 160.36 201.55
6 0.9867 2.11 42.41 43.37 82.14
2 0.9867 199.03 281.05 238.31 320.00
6 0.9865 160.27 42.33 199.13 82.13
11 0.9864 121.50 42.22 160.31 82.10
6 0.9864 238.25 42.38 277.34 82.13
6 0.9861 43.25 42.21 82.46 82.13
0 0.9861 1.61 241.24 43.46 281.17
6 0.9859 198.96 42.31 238.31 82.18
0 0.9854 277.54 241.27 317.02 281.05
0 0.9846 82.40 241.19 121.65 281.20
9 0.9841 277.40 1.74 317.51 42.22
3 0.9840 1.77 281.19 43.23 320.00
5 0.9838 121.57 241.24 160.30 281.10
