7 0.9916 43.21 1.33 82.20 42.29
7 0.9908 238.11 1.40 277.44 42.41
8 0.9893 198.95 1.13 238.11 42.33
0 0.9884 277.16 241.26 317.38 281.12
0 0.9875 237.95 161.66 277.11 201.56
9 0.9873 2.14 2.09 43.22 42.41
1 0.9872 121.50 121.93 160.25 161.78
1 0.9870 198.78 201.56 237.85 241.28
0 0.9870 198.81 241.28 237.86 281.10
0 0.9870 43.33 241.33 82.27 281.15
0 0.9869 121.46 161.78 160.21 201.54
6 0.9867 2.21 42.43 43.33 82.14
6 0.9867 238.13 42.39 277.31 82.16
6 0.9865 160.27 121.99 198.96 161.71
6 0.9865 82.42 42.35 121.43 82.10
0 0.9863 159.96 241.23 198.89 281.16
0 0.9862 1.75 241.23 43.41 281.15
6 0.9861 43.25 42.22 82.44 82.12
6 0.9861 277.18 42.28 317.26 82.13
6 0.9858 198.88 42.32 238.16 82.14
3 0.9857 277.12 281.13 317.77 320.00
11 0.9851 121.33 0.93 160.15 42.24
2 0.9848 276.99 201.36 317.76 241.26
9 0.9845 277.40 1.68 317.12 42.26
3 0.9838 1.91 281.18 43.17 320.00
5 0.9833 121.21 281.08 160.10 320.00
