7 0.9905 238.14 1.74 277.37 42.38
0 0.9869 43.35 241.32 82.33 281.19
2 0.9865 2.47 1.16 43.26 42.28
3 0.9865 199.13 2.00 238.16 42.34
0 0.9864 238.18 241.22 277.49 281.17
11 0.9864 121.46 42.19 160.10 82.10
6 0.9864 238.13 42.36 277.24 82.14
6 0.9862 2.50 42.28 43.38 82.10
6 0.9862 121.46 161.76 160.22 201.52
0 0.9862 1.64 241.23 43.45 281.17
6 0.9860 82.42 42.30 121.55 82.09
6 0.9860 198.77 42.28 238.23 82.12
3 0.9860 1.66 281.19 43.24 320.00
6 0.9859 277.10 42.27 317.33 82.11
1 0.9858 43.21 281.15 82.36 320.00
0 0.9857 277.44 241.26 317.07 281.07
0 0.9848 82.30 241.18 121.48 281.19
9 0.9843 277.34 1.84 317.19 42.25
5 0.9838 160.18 241.14 199.05 281.14
