7 0.9908 238.01 1.32 277.38 42.41
7 0.9895 82.49 82.11 121.49 121.98
8 0.9894 198.82 1.08 238.02 42.33
0 0.9888 277.22 241.30 317.66 281.14
10 0.9884 121.20 1.73 160.02 42.27
0 0.9882 82.25 241.20 121.35 281.14
2 0.9876 43.28 121.73 82.40 161.78
8 0.9875 82.16 1.12 121.29 42.37
0 0.9872 237.95 241.21 277.27 281.12
0 0.9872 121.30 241.36 160.13 281.13
0 0.9871 198.89 241.28 237.92 281.08
6 0.9871 82.39 42.37 121.40 82.15
1 0.9870 198.88 201.58 237.95 241.30
0 0.9870 43.36 241.34 82.24 281.17
6 0.9870 160.10 42.36 198.87 82.12
6 0.9869 2.06 42.43 43.35 82.12
6 0.9869 238.04 42.39 277.29 82.17
2 0.9868 82.28 281.10 121.33 320.00
0 0.9866 1.64 241.24 43.45 281.16
0 0.9864 121.29 121.88 160.16 161.77
6 0.9862 277.16 42.30 317.39 82.14
9 0.9862 2.12 1.96 43.16 42.42
6 0.9862 43.18 42.23 82.39 82.15
6 0.9861 198.76 42.33 238.06 82.17
3 0.9856 277.21 281.15 317.83 320.00
3 0.9856 1.64 281.19 43.24 320.00
11 0.9854 159.97 1.04 198.98 42.39
1 0.9851 43.19 281.13 82.32 319.99
9 0.9848 277.32 1.61 317.23 42.28
5 0.9844 160.29 281.21 198.95 320.00
4 0.9842 121.29 281.09 160.39 320.00
