7 0.9931 237.68 1.45 276.97 42.51
7 0.9916 43.32 1.30 82.21 42.40
5 0.9890 160.09 281.18 198.82 320.00
8 0.9888 198.66 0.62 237.78 42.43
0 0.9888 276.84 241.36 319.13 281.09
0 0.9883 198.77 241.34 237.70 281.07
6 0.9882 1.52 42.49 43.32 82.13
11 0.9882 159.95 0.96 198.88 42.44
9 0.9880 1.25 1.84 43.30 42.51
6 0.9880 82.28 42.44 121.32 82.19
6 0.9875 237.82 42.44 276.88 82.10
6 0.9875 159.97 121.99 198.79 161.77
0 0.9874 237.71 241.31 276.83 281.07
8 0.9872 82.17 0.82 121.37 42.50
0 0.9871 159.91 161.75 198.87 201.49
10 0.9871 121.27 1.74 160.00 42.41
0 0.9868 121.23 241.32 159.97 281.11
6 0.9868 43.23 42.35 82.30 82.10
6 0.9868 276.80 42.34 318.55 82.19
0 0.9867 43.32 241.36 82.20 281.15
9 0.9864 276.89 1.55 318.53 42.37
2 0.9864 82.18 281.06 121.18 319.99
3 0.9863 276.79 281.05 318.60 319.94
6 0.9863 198.60 42.38 237.89 82.20
0 0.9861 82.17 241.24 121.24 281.05
0 0.9861 1.51 241.30 43.39 281.23
2 0.9861 198.69 280.99 237.98 319.97
6 0.9860 121.26 121.88 160.00 161.80
4 0.9853 121.10 281.11 160.17 320.00
1 0.9839 43.18 281.04 82.27 320.00
3 0.9837 1.31 281.22 43.21 320.00
1 0.9826 237.99 281.01 276.82 319.98
