7 0.9905 237.96 1.56 277.27 42.42
0 0.9879 121.34 161.80 160.10 201.55
6 0.9874 121.31 121.86 160.07 161.80
2 0.9872 2.56 82.05 43.29 121.98
0 0.9872 198.88 241.33 238.11 281.16
6 0.9865 159.91 82.09 198.70 122.02
6 0.9864 238.01 42.35 277.21 82.16
0 0.9863 238.11 241.24 277.47 281.13
6 0.9860 277.09 42.27 317.42 82.13
6 0.9859 198.51 42.28 238.04 82.15
1 0.9859 82.33 82.12 121.40 121.93
11 0.9858 160.01 42.38 198.62 82.12
0 0.9857 277.43 241.28 317.13 281.07
6 0.9857 82.10 42.34 121.31 82.14
0 0.9855 160.17 201.59 198.98 241.27
0 0.9853 1.77 241.21 43.43 281.18
3 0.9849 121.43 281.15 160.37 320.00
6 0.9848 2.75 42.37 43.15 82.04
9 0.9845 277.23 1.83 317.30 42.25
5 0.9839 121.60 241.23 160.22 281.15
