7 0.9915 43.25 1.45 82.31 42.27
2 0.9889 277.32 0.93 317.01 42.20
0 0.9887 277.01 241.29 317.92 281.14
0 0.9878 198.70 241.34 237.92 281.03
8 0.9877 82.27 1.26 121.30 42.35
9 0.9877 2.02 2.17 43.26 42.40
0 0.9875 237.87 241.25 277.06 281.12
0 0.9874 160.04 161.73 198.95 201.61
0 0.9873 121.39 161.82 160.10 201.56
0 0.9870 43.32 241.32 82.26 281.14
3 0.9870 276.96 281.14 317.87 319.99
6 0.9869 160.25 121.99 199.00 161.76
3 0.9868 121.21 281.14 160.18 320.00
8 0.9867 43.34 161.77 82.24 201.50
6 0.9867 2.10 42.41 43.34 82.14
6 0.9864 82.41 42.32 121.42 82.11
2 0.9864 198.66 280.98 237.99 320.00
6 0.9861 43.26 42.20 82.43 82.13
0 0.9859 1.65 241.23 43.43 281.18
6 0.9859 198.84 42.24 238.13 82.12
6 0.9857 277.19 42.19 317.10 82.06
6 0.9853 121.27 42.19 160.29 82.14
0 0.9848 82.19 241.20 121.41 281.17
11 0.9847 160.13 1.15 198.99 42.33
1 0.9844 82.30 201.54 121.37 241.21
5 0.9842 160.12 281.16 198.77 320.00
1 0.9822 238.02 281.13 277.02 319.97
