0 0.9882 82.21 241.21 121.38 281.16
0 0.9881 277.25 241.28 317.57 281.14
0 0.9871 121.30 241.37 160.08 281.17
3 0.9870 2.25 2.01 43.26 42.37
0 0.9870 198.76 241.35 237.94 281.17
2 0.9869 82.25 281.12 121.36 320.00
11 0.9866 198.82 42.23 238.12 82.15
6 0.9863 82.51 42.35 121.70 82.13
6 0.9862 2.27 42.37 43.39 82.12
3 0.9862 277.20 281.15 317.80 320.00
6 0.9860 238.12 42.36 277.22 82.19
6 0.9857 160.04 161.71 198.94 201.63
6 0.9853 82.50 82.11 121.71 122.04
0 0.9849 2.09 241.24 43.40 281.19
1 0.9846 43.09 281.12 82.28 319.99
5 0.9838 160.25 281.19 198.85 320.00
8 0.9835 2.14 281.25 43.16 320.00
