0 0.9881 277.04 241.29 317.76 281.14
3 0.9872 276.95 281.14 317.80 319.99
0 0.9870 43.34 161.79 82.25 201.50
6 0.9865 238.09 42.37 277.32 82.12
6 0.9864 2.07 201.58 43.36 241.23
0 0.9864 238.08 201.59 277.08 241.26
0 0.9861 160.18 121.99 199.04 161.68
0 0.9859 121.38 121.86 160.25 161.72
6 0.9858 43.35 42.19 82.62 82.08
0 0.9858 2.06 241.26 43.39 281.21
6 0.9858 198.71 42.26 238.14 82.13
6 0.9858 277.17 42.27 317.26 82.11
8 0.9858 82.35 1.28 121.50 42.35
11 0.9857 160.44 42.34 198.84 82.07
2 0.9857 198.65 281.04 238.00 320.00
5 0.9857 198.75 241.29 237.89 281.08
9 0.9853 2.17 2.01 43.33 42.34
9 0.9840 277.34 1.85 317.12 42.25
3 0.9832 2.21 281.17 43.09 320.00
1 0.9828 237.99 281.14 277.00 319.98
