7 0.9909 238.14 1.54 277.35 42.39
8 0.9876 121.50 42.23 160.10 82.08
0 0.9872 43.41 241.32 82.38 281.19
2 0.9871 198.79 281.02 238.10 320.00
0 0.9870 277.27 161.76 317.29 201.48
6 0.9867 2.34 122.05 43.37 161.74
0 0.9865 237.98 241.25 277.06 281.11
6 0.9864 238.16 42.37 277.24 82.16
0 0.9863 121.32 121.89 160.22 161.76
6 0.9862 277.12 121.91 317.25 161.72
6 0.9861 43.29 42.22 82.45 82.11
3 0.9860 277.03 281.13 318.62 320.00
3 0.9857 1.33 281.18 43.27 320.00
6 0.9857 198.74 42.28 238.24 82.15
0 0.9855 2.21 161.77 43.43 201.64
0 0.9855 160.12 241.21 198.90 281.16
11 0.9855 121.46 1.27 160.14 42.23
1 0.9853 43.25 281.13 82.39 320.00
9 0.9850 2.15 1.93 43.29 42.37
0 0.9850 82.36 241.19 121.53 281.18
1 0.9846 160.24 122.00 198.89 161.72
9 0.9841 277.32 1.75 317.65 42.23
5 0.9838 160.26 201.50 198.89 241.28
