7 0.9906 238.15 1.56 277.39 42.39
0 0.9884 277.15 241.29 317.78 281.15
0 0.9879 2.00 201.56 43.41 241.23
0 0.9873 198.72 241.33 237.96 281.15
0 0.9872 237.96 241.24 277.21 281.14
3 0.9871 277.12 281.14 317.76 319.99
2 0.9863 2.19 1.06 43.41 42.22
6 0.9863 238.14 42.37 277.27 82.16
6 0.9860 2.25 122.06 43.36 161.76
0 0.9860 1.93 241.28 43.41 281.14
6 0.9860 277.12 42.27 317.41 82.13
6 0.9856 198.70 42.28 238.23 82.14
0 0.9855 160.05 201.57 198.85 241.22
11 0.9852 121.53 1.15 160.10 42.22
0 0.9852 82.23 241.17 121.43 281.19
6 0.9846 121.34 121.86 160.08 161.81
9 0.9846 277.35 1.79 317.27 42.25
3 0.9837 2.05 281.17 43.15 320.00
1 0.9833 238.11 281.15 277.18 319.98
5 0.9831 160.29 281.15 198.86 320.00
