7 0.9907 43.25 1.45 82.35 42.28
0 0.9882 277.11 241.29 317.60 281.13
9 0.9879 2.08 2.18 43.26 42.40
8 0.9877 82.33 1.26 121.38 42.36
0 0.9871 198.69 241.33 237.93 281.16
8 0.9871 277.12 82.15 317.02 121.94
3 0.9870 277.11 281.14 317.54 319.99
11 0.9868 198.93 42.21 238.11 82.13
6 0.9868 160.28 122.01 199.05 161.78
0 0.9866 43.34 241.33 82.29 281.17
6 0.9866 82.49 42.31 121.49 82.11
6 0.9863 2.16 42.42 43.36 82.14
6 0.9863 238.01 161.69 277.13 201.59
0 0.9860 238.05 201.62 277.01 241.26
6 0.9859 43.28 42.21 82.51 82.13
0 0.9858 1.78 241.24 43.42 281.16
1 0.9857 43.14 281.13 82.23 320.00
6 0.9856 160.13 161.73 198.97 201.60
3 0.9855 1.88 281.19 43.19 320.00
0 0.9852 82.26 241.21 121.42 281.17
6 0.9848 277.17 42.21 317.07 82.10
5 0.9840 160.05 241.17 198.84 281.12
9 0.9836 121.34 281.18 160.12 320.00
1 0.9832 238.12 281.16 277.17 319.98
