7 0.9914 43.20 1.27 82.25 42.30
7 0.9892 198.91 82.17 237.90 121.85
8 0.9892 198.88 1.04 237.99 42.33
0 0.9888 277.05 241.29 317.83 281.14
10 0.9885 121.23 1.70 160.10 42.28
0 0.9883 82.24 241.20 121.32 281.14
0 0.9881 198.78 241.34 237.95 281.03
0 0.9877 237.90 241.25 277.09 281.12
8 0.9875 82.21 1.09 121.30 42.37
6 0.9872 2.05 42.43 43.35 82.10
0 0.9871 121.28 241.35 160.08 281.12
6 0.9871 238.00 42.42 277.20 82.17
3 0.9870 277.00 281.14 317.82 319.99
0 0.9870 160.01 161.71 199.00 201.60
0 0.9869 43.34 241.34 82.24 281.16
2 0.9869 82.26 281.10 121.29 320.00
6 0.9869 160.15 42.37 198.92 82.14
9 0.9868 2.08 2.04 43.21 42.42
0 0.9867 1.66 241.24 43.43 281.15
6 0.9866 82.33 42.33 121.36 82.10
6 0.9864 43.21 42.23 82.34 82.13
6 0.9862 277.07 42.32 317.48 82.14
2 0.9861 198.74 280.99 238.02 320.00
6 0.9861 198.72 42.34 237.92 82.18
3 0.9856 1.68 281.19 43.22 320.00
6 0.9853 121.28 121.86 160.12 161.82
11 0.9852 160.04 1.03 199.03 42.39
1 0.9851 43.17 281.13 82.29 320.00
5 0.9845 160.21 281.20 198.85 320.00
9 0.9844 277.27 1.57 317.24 42.30
4 0.9843 121.25 281.08 160.30 320.00
1 0.9818 237.98 281.13 277.02 319.95
