7 0.9914 43.24 1.42 82.31 42.28
7 0.9910 238.19 1.57 277.41 42.38
0 0.9884 277.20 241.29 317.67 281.15
9 0.9875 2.13 2.10 43.25 42.41
0 0.9869 43.30 241.33 82.23 281.15
0 0.9869 198.87 241.29 237.97 281.06
0 0.9869 160.04 161.70 199.04 201.59
0 0.9869 238.01 241.24 277.25 281.12
8 0.9868 82.25 201.55 121.33 241.21
1 0.9868 160.06 241.23 198.95 281.12
6 0.9865 238.25 42.36 277.35 82.13
6 0.9864 2.17 42.43 43.36 82.15
6 0.9861 43.23 42.22 82.42 82.14
11 0.9861 160.28 42.37 198.90 82.12
0 0.9860 1.77 241.23 43.39 281.15
6 0.9860 277.22 42.27 317.25 82.13
3 0.9857 277.14 281.15 317.87 320.00
8 0.9856 82.14 1.07 121.25 42.39
6 0.9855 43.27 121.80 82.37 161.80
6 0.9851 121.28 42.20 160.33 82.15
9 0.9844 277.38 1.77 317.16 42.25
3 0.9838 1.94 281.18 43.13 320.00
5 0.9828 121.21 281.08 160.16 320.00
