7 0.9915 43.21 1.33 82.22 42.30
8 0.9892 198.92 1.13 238.02 42.29
7 0.9887 198.88 82.15 237.98 121.84
0 0.9887 198.77 42.32 237.99 82.15
0 0.9884 277.41 241.27 317.41 281.13
0 0.9883 82.37 241.21 121.49 281.15
10 0.9881 121.34 1.76 160.18 42.30
0 0.9873 121.43 241.35 160.26 281.12
0 0.9873 198.96 241.34 238.12 281.15
9 0.9872 2.08 2.07 43.22 42.42
2 0.9872 82.40 281.10 121.46 320.00
0 0.9870 43.38 241.34 82.37 281.18
6 0.9869 160.22 42.36 198.95 82.13
6 0.9868 238.01 42.43 277.27 82.15
6 0.9868 2.16 42.44 43.32 82.14
0 0.9867 121.37 121.88 160.31 161.75
6 0.9865 82.39 42.35 121.44 82.10
0 0.9865 1.55 241.25 43.46 281.17
6 0.9862 43.24 42.23 82.41 82.13
6 0.9861 277.13 42.31 317.33 82.13
3 0.9859 1.57 281.19 43.26 320.00
3 0.9857 277.36 281.14 317.63 320.00
1 0.9855 43.22 281.13 82.42 319.99
11 0.9852 160.12 1.11 199.09 42.38
1 0.9846 160.31 121.97 199.00 161.70
5 0.9845 160.47 281.15 198.99 320.00
8 0.9842 121.40 281.07 160.53 320.00
9 0.9841 277.32 1.61 317.16 42.29
