7 0.9915 43.20 1.49 82.16 42.28
7 0.9909 238.06 1.63 277.36 42.38
8 0.9887 198.91 1.39 238.05 42.25
2 0.9878 82.39 281.12 121.44 320.00
3 0.9875 277.02 281.11 318.62 320.00
9 0.9874 2.17 2.18 43.21 42.40
0 0.9873 277.23 161.73 317.49 201.47
0 0.9872 237.97 241.24 277.06 281.12
0 0.9871 43.38 241.34 82.31 281.17
11 0.9869 198.83 42.26 238.04 82.13
4 0.9867 121.40 1.94 160.16 42.19
6 0.9867 238.06 42.36 277.25 82.18
0 0.9866 121.41 241.33 160.14 281.11
6 0.9865 2.25 42.42 43.32 82.14
0 0.9864 1.59 241.24 43.47 281.16
6 0.9864 82.33 42.33 121.39 82.10
6 0.9862 277.12 42.27 317.38 82.14
6 0.9861 43.24 42.22 82.35 82.12
3 0.9858 1.62 281.18 43.27 320.00
2 0.9853 121.38 201.40 160.14 241.34
1 0.9853 43.23 281.12 82.41 319.99
6 0.9851 121.33 121.85 160.16 161.83
9 0.9849 277.33 1.89 317.22 42.25
5 0.9845 160.33 281.15 198.87 320.00
8 0.9839 121.35 281.06 160.39 320.00
1 0.9826 238.11 281.14 277.04 319.96
