7 0.9922 121.62 42.34 160.45 82.19
0 0.9877 160.21 161.74 199.19 201.60
0 0.9875 198.96 241.33 238.17 281.05
8 0.9874 160.38 42.44 199.14 82.11
0 0.9874 277.44 241.26 317.12 281.05
6 0.9871 160.40 122.02 199.20 161.77
0 0.9871 43.37 241.34 82.39 281.19
6 0.9870 2.13 42.45 43.38 82.16
6 0.9868 238.39 42.40 277.49 82.15
6 0.9868 82.56 42.40 121.60 82.14
6 0.9867 121.66 82.18 160.44 121.91
0 0.9866 121.46 201.56 160.38 241.31
0 0.9866 1.59 241.25 43.47 281.17
9 0.9864 2.11 2.02 43.28 42.43
2 0.9861 198.95 281.06 238.20 320.00
3 0.9861 1.61 281.19 43.25 320.00
6 0.9861 43.29 42.25 82.60 82.15
6 0.9860 277.36 42.27 317.07 82.12
1 0.9852 43.21 281.15 82.35 320.00
8 0.9852 277.25 281.06 317.40 320.00
1 0.9851 277.56 1.28 316.98 42.30
11 0.9850 160.26 1.05 199.19 42.43
0 0.9849 82.37 241.23 121.55 281.18
5 0.9834 121.40 281.09 160.40 320.00
