7 0.9915 43.26 1.54 82.37 42.27
7 0.9908 238.26 1.54 277.41 42.39
0 0.9884 277.06 241.30 317.84 281.16
9 0.9879 2.11 2.20 43.27 42.39
0 0.9876 159.95 161.73 198.93 201.61
3 0.9874 277.00 281.15 317.88 319.99
0 0.9873 237.89 241.25 277.11 281.15
0 0.9873 198.75 241.33 237.89 281.16
6 0.9869 160.19 122.02 198.92 161.78
2 0.9869 82.16 281.13 121.31 320.00
6 0.9866 2.21 42.42 43.34 82.14
6 0.9864 121.29 161.79 160.01 201.57
11 0.9863 121.46 42.23 160.13 82.12
6 0.9863 238.30 42.37 277.33 82.13
6 0.9860 43.22 42.21 82.46 82.14
6 0.9859 277.20 42.28 317.23 82.13
0 0.9855 82.16 161.67 121.35 201.59
8 0.9851 82.21 1.12 121.34 42.37
0 0.9850 2.19 241.24 43.30 281.19
1 0.9847 43.04 281.11 82.21 319.99
9 0.9840 277.38 1.76 317.10 42.26
8 0.9835 2.04 281.29 43.09 320.00
1 0.9828 238.02 281.16 277.06 319.99
5 0.9813 121.21 281.07 159.91 320.00
