7 0.9901 238.50 1.65 277.54 42.39
0 0.9882 198.84 161.78 237.99 201.53
3 0.9878 276.81 281.12 318.86 320.00
0 0.9874 277.19 161.76 317.56 201.51
0 0.9872 43.29 241.33 82.15 281.15
0 0.9870 237.86 241.25 276.92 281.15
0 0.9865 159.79 241.24 198.80 281.17
8 0.9864 2.24 1.24 43.27 42.30
6 0.9864 237.97 161.69 277.27 201.58
11 0.9863 121.56 42.22 160.12 82.13
0 0.9862 160.07 122.01 198.91 161.77
2 0.9861 198.61 281.03 237.97 320.00
6 0.9859 198.78 121.91 238.22 161.79
6 0.9858 277.32 42.25 317.26 82.07
0 0.9858 1.82 241.25 43.37 281.15
6 0.9858 2.31 122.06 43.29 161.79
0 0.9854 82.30 82.06 121.47 122.00
1 0.9851 1.76 201.63 43.36 241.18
9 0.9847 277.49 1.94 317.20 42.24
3 0.9834 2.01 281.18 43.11 320.00
5 0.9827 121.10 281.09 159.89 320.00
1 0.9820 238.00 281.16 276.86 319.98
