7 0.9915 43.28 1.34 82.33 42.30
7 0.9908 237.99 1.36 277.34 42.41
8 0.9894 198.81 1.13 238.00 42.33
10 0.9884 121.36 1.77 160.14 42.27
0 0.9883 82.28 241.20 121.38 281.14
0 0.9880 198.73 241.34 237.88 281.04
0 0.9877 237.83 241.25 276.90 281.12
3 0.9876 276.85 281.11 318.82 320.00
0 0.9876 277.12 161.75 317.62 201.49
8 0.9874 82.31 1.13 121.43 42.37
0 0.9873 121.32 241.35 160.09 281.12
0 0.9872 43.41 241.33 82.28 281.17
6 0.9871 2.22 122.06 43.37 161.77
6 0.9869 160.18 42.36 198.86 82.12
6 0.9869 238.02 42.39 277.24 82.17
2 0.9868 82.31 281.10 121.35 320.00
6 0.9865 82.42 42.33 121.47 82.10
6 0.9865 43.29 42.23 82.43 82.12
9 0.9865 1.96 1.89 43.30 42.39
0 0.9864 121.27 121.88 160.15 161.76
6 0.9863 277.11 42.29 317.45 82.15
6 0.9861 198.74 42.33 238.04 82.18
2 0.9860 198.71 280.99 237.96 320.00
0 0.9859 2.12 161.79 43.42 201.64
3 0.9858 1.17 281.17 43.27 320.00
11 0.9854 160.08 1.06 198.98 42.39
1 0.9851 43.24 281.12 82.34 319.99
9 0.9850 277.28 1.66 317.27 42.27
5 0.9844 160.24 281.20 198.83 320.00
4 0.9843 121.31 281.08 160.34 320.00
1 0.9817 237.94 281.13 276.87 319.95
