7 0.9906 237.98 1.49 277.36 42.44
7 0.9893 43.28 1.57 82.15 42.21
8 0.9892 198.80 1.39 238.04 42.31
0 0.9874 199.01 241.33 238.14 281.16
0 0.9871 43.39 241.34 82.38 281.20
0 0.9869 277.40 241.26 317.12 281.07
0 0.9864 1.56 241.24 43.49 281.18
6 0.9863 238.09 42.38 277.28 82.17
3 0.9862 1.56 281.20 43.27 320.00
6 0.9862 82.32 42.35 121.43 82.10
11 0.9862 160.25 42.37 198.85 82.10
6 0.9859 277.14 42.27 317.38 82.13
6 0.9859 198.73 42.32 238.15 82.16
1 0.9858 43.22 281.15 82.36 320.00
6 0.9857 2.14 42.40 43.38 82.12
6 0.9854 121.27 42.19 160.34 82.15
8 0.9853 277.19 281.06 317.22 320.00
9 0.9849 277.31 1.78 317.34 42.26
1 0.9831 238.15 281.18 277.27 319.94
5 0.9829 121.36 281.08 160.33 320.00
