7 0.9916 43.30 1.27 82.20 42.40
7 0.9900 198.60 82.21 237.80 121.94
5 0.9894 160.08 281.22 198.81 320.00
10 0.9892 121.23 1.84 160.04 42.46
0 0.9887 276.84 241.36 319.12 281.09
11 0.9886 159.95 0.97 198.93 42.47
0 0.9884 198.77 241.33 237.71 281.06
0 0.9883 121.27 161.85 159.99 201.43
6 0.9882 1.49 42.49 43.30 82.13
6 0.9881 82.27 42.44 121.24 82.14
9 0.9879 1.26 1.80 43.28 42.51
0 0.9875 237.72 241.30 276.83 281.07
8 0.9872 82.15 0.78 121.32 42.50
6 0.9871 237.90 42.44 276.88 82.10
6 0.9868 43.22 42.35 82.29 82.10
0 0.9867 43.30 241.36 82.18 281.15
6 0.9867 160.10 42.33 198.67 82.12
6 0.9867 276.79 42.32 318.55 82.19
6 0.9867 121.17 42.42 160.15 82.14
6 0.9866 198.60 121.90 237.94 161.79
0 0.9866 159.89 241.23 198.85 281.20
2 0.9865 82.16 281.05 121.17 319.99
2 0.9865 198.67 280.99 237.99 319.98
8 0.9864 198.83 0.61 237.75 42.35
9 0.9863 276.93 1.43 318.46 42.34
3 0.9863 276.79 281.05 318.59 319.94
0 0.9862 82.15 241.24 121.27 281.05
0 0.9861 1.53 241.30 43.38 281.23
4 0.9853 121.10 281.17 160.17 320.00
1 0.9840 43.17 281.03 82.25 319.97
3 0.9837 1.32 281.22 43.19 320.00
1 0.9826 238.00 281.01 276.82 319.98
