7 0.9918 43.25 1.55 82.29 42.26
7 0.9904 238.11 1.57 277.42 42.37
8 0.9895 198.94 1.46 238.16 42.28
0 0.9885 277.09 241.31 317.49 281.14
2 0.9883 277.27 0.91 317.20 42.12
9 0.9879 2.07 2.24 43.26 42.39
0 0.9877 198.80 241.32 237.98 281.03
0 0.9870 237.94 241.25 277.15 281.10
6 0.9870 121.37 161.78 160.13 201.56
0 0.9870 43.33 241.33 82.26 281.17
6 0.9869 160.24 42.33 199.04 82.12
0 0.9869 160.04 161.69 199.03 201.58
6 0.9868 2.10 42.41 43.35 82.13
2 0.9863 198.77 280.98 238.05 320.00
0 0.9862 121.31 201.53 160.18 241.26
0 0.9862 1.75 241.24 43.42 281.16
6 0.9861 198.89 42.30 238.25 82.15
6 0.9860 43.28 42.21 82.45 82.12
6 0.9858 277.19 121.91 317.46 161.77
1 0.9857 277.04 201.50 317.89 241.29
6 0.9857 82.46 121.95 121.45 161.73
3 0.9856 1.79 281.19 43.23 320.00
3 0.9856 277.09 281.14 317.83 320.00
0 0.9850 82.23 241.21 121.39 281.18
1 0.9847 43.19 281.14 82.29 320.00
11 0.9843 82.25 1.10 121.24 42.37
5 0.9834 160.29 281.15 198.86 320.00
