8 0.9891 199.00 1.25 238.11 42.31
0 0.9884 277.07 241.29 317.91 281.17
0 0.9879 121.26 161.78 160.01 201.54
6 0.9874 121.28 121.87 160.10 161.78
6 0.9872 160.28 42.33 199.05 82.12
0 0.9870 198.66 241.31 237.85 281.16
2 0.9869 2.34 1.10 43.42 42.26
6 0.9867 238.11 42.41 277.31 82.13
7 0.9866 3.03 281.19 43.01 320.00
6 0.9866 2.59 42.26 43.38 82.08
1 0.9866 160.08 122.04 198.78 161.72
0 0.9865 237.85 241.24 277.13 281.13
0 0.9864 159.94 161.70 198.83 201.58
0 0.9864 2.13 241.13 43.13 281.21
6 0.9860 277.14 42.29 317.43 82.11
6 0.9860 198.86 42.30 238.20 82.17
3 0.9859 277.04 281.16 318.07 320.00
11 0.9850 121.58 1.22 160.24 42.27
9 0.9843 277.36 1.73 317.31 42.26
5 0.9827 121.37 241.23 159.86 281.13
