7 0.9906 238.09 1.33 277.41 42.41
8 0.9894 198.93 1.08 238.11 42.33
0 0.9881 121.40 161.82 160.13 201.57
2 0.9878 82.36 281.12 121.46 320.00
6 0.9877 121.38 121.87 160.17 161.83
8 0.9875 82.24 1.13 121.25 42.36
1 0.9872 198.92 201.56 238.02 241.29
0 0.9870 160.07 161.72 199.00 201.62
6 0.9870 2.17 42.42 43.36 82.13
0 0.9869 198.94 241.28 238.03 281.09
0 0.9868 43.35 241.35 82.30 281.17
6 0.9868 238.12 42.39 277.31 82.17
6 0.9867 160.20 42.36 198.96 82.13
0 0.9867 238.06 241.20 277.45 281.12
9 0.9866 2.08 2.02 43.21 42.40
6 0.9865 82.43 42.33 121.42 82.09
0 0.9864 1.64 241.25 43.44 281.16
0 0.9863 277.40 241.27 317.11 281.06
1 0.9862 43.19 281.12 82.36 319.99
6 0.9861 198.84 42.32 238.14 82.18
6 0.9861 277.19 42.29 317.31 82.14
3 0.9857 121.33 281.16 160.32 320.00
3 0.9856 1.75 281.19 43.22 320.00
11 0.9851 160.11 0.89 199.09 42.38
9 0.9846 277.36 1.62 317.17 42.27
5 0.9840 160.22 241.16 199.03 281.10
