7 0.9931 237.69 1.45 276.98 42.51
7 0.9916 43.31 1.28 82.20 42.40
5 0.9894 160.09 281.22 198.82 320.00
10 0.9889 121.24 1.87 160.04 42.45
8 0.9888 198.68 0.63 237.79 42.43
0 0.9888 276.85 241.36 319.13 281.09
0 0.9884 198.78 241.33 237.72 281.06
6 0.9882 1.48 42.49 43.32 82.13
11 0.9881 159.94 0.96 198.90 42.44
9 0.9880 1.27 1.82 43.29 42.51
6 0.9880 82.29 42.44 121.25 82.15
6 0.9879 121.26 161.86 159.92 201.45
6 0.9875 237.82 42.44 276.87 82.10
0 0.9875 237.73 241.30 276.84 281.07
8 0.9872 82.16 0.80 121.33 42.50
0 0.9868 43.30 241.36 82.17 281.15
6 0.9868 43.24 42.35 82.30 82.10
6 0.9868 121.18 42.41 160.15 82.15
6 0.9867 276.79 42.34 318.57 82.19
0 0.9866 159.90 241.23 198.85 281.20
2 0.9866 82.17 281.05 121.18 319.99
2 0.9865 198.68 280.99 238.00 319.98
9 0.9864 276.90 1.55 318.52 42.37
3 0.9863 276.80 281.05 318.60 319.95
6 0.9863 198.60 42.37 237.89 82.19
0 0.9862 82.14 241.24 121.27 281.04
0 0.9861 1.55 241.29 43.38 281.23
4 0.9853 121.11 281.17 160.18 320.00
1 0.9840 43.18 281.03 82.26 319.97
3 0.9838 1.34 281.21 43.20 320.00
1 0.9827 238.01 281.01 276.82 319.98
