7 0.9892 43.28 1.72 82.18 42.14
7 0.9885 198.85 82.15 237.97 121.94
0 0.9884 121.28 121.89 160.17 161.76
0 0.9880 277.12 241.26 317.82 281.18
0 0.9877 121.29 161.76 160.13 201.53
0 0.9870 43.19 241.31 82.07 281.15
6 0.9869 160.11 42.32 198.93 82.15
0 0.9869 198.69 241.31 237.84 281.15
2 0.9868 2.35 1.31 43.31 42.28
6 0.9860 238.09 42.37 277.16 82.17
6 0.9858 2.44 42.28 43.35 82.11
6 0.9858 82.25 82.05 121.41 122.00
6 0.9857 277.08 121.88 317.60 161.72
8 0.9857 198.78 1.38 237.98 42.24
11 0.9854 82.29 42.31 121.26 82.09
0 0.9847 2.01 241.23 43.32 281.16
1 0.9846 1.94 201.57 43.26 241.15
9 0.9839 277.07 281.15 318.07 320.00
5 0.9827 121.33 241.25 159.88 281.13
