7 0.9899 238.13 1.57 277.51 42.43
7 0.9896 1.40 82.10 43.43 122.13
1 0.9880 199.21 1.47 238.16 42.32
0 0.9879 121.37 161.83 160.19 201.58
6 0.9877 121.36 121.88 160.21 161.83
0 0.9877 277.39 241.28 317.28 281.14
0 0.9875 198.88 241.33 238.11 281.05
0 0.9870 43.36 241.34 82.29 281.19
6 0.9866 160.24 42.36 199.09 82.12
6 0.9863 198.93 42.29 238.26 82.18
0 0.9863 1.66 241.24 43.46 281.17
6 0.9863 2.11 42.47 43.32 82.16
9 0.9862 2.16 1.96 43.18 42.43
10 0.9861 277.27 281.14 316.85 320.00
2 0.9861 198.88 281.06 238.15 320.00
6 0.9860 277.27 42.28 317.40 82.08
3 0.9859 1.71 281.20 43.26 320.00
2 0.9858 199.04 161.78 238.17 201.54
6 0.9856 43.17 42.25 82.38 82.15
1 0.9852 43.21 281.15 82.30 320.00
11 0.9852 160.15 1.16 199.20 42.38
6 0.9851 82.33 82.08 121.52 122.04
0 0.9851 82.26 241.21 121.44 281.19
9 0.9841 277.48 1.79 317.27 42.27
5 0.9833 121.36 281.09 160.34 320.00
