7 0.9916 43.26 1.34 82.34 42.29
0 0.9886 277.07 241.29 317.74 281.14
2 0.9883 121.36 0.99 160.29 42.28
7 0.9880 121.35 281.17 160.35 320.00
9 0.9874 1.97 2.10 43.27 42.42
8 0.9874 82.31 1.12 121.45 42.36
0 0.9873 237.97 241.25 277.13 281.13
0 0.9872 121.49 161.84 160.31 201.57
6 0.9872 238.16 42.41 277.41 82.13
3 0.9871 277.03 281.14 317.73 319.99
0 0.9871 43.36 241.34 82.32 281.17
6 0.9870 160.35 122.00 199.06 161.75
6 0.9869 2.02 42.43 43.35 82.15
2 0.9868 198.68 281.02 238.08 320.00
0 0.9866 160.06 241.24 198.91 281.18
6 0.9866 82.47 42.32 121.48 82.12
0 0.9865 1.62 241.24 43.45 281.16
6 0.9863 121.37 42.19 160.36 82.14
6 0.9862 43.27 42.22 82.48 82.13
6 0.9860 277.28 42.30 317.21 82.12
3 0.9858 1.65 281.19 43.23 320.00
8 0.9856 199.02 1.19 238.14 42.26
0 0.9852 82.30 241.21 121.47 281.18
11 0.9849 160.23 1.01 199.16 42.34
1 0.9848 43.18 281.14 82.29 320.00
9 0.9844 277.45 1.69 317.09 42.27
5 0.9842 160.27 281.17 198.83 320.00
1 0.9819 238.10 281.14 277.08 319.98
