7 0.9914 82.51 82.12 121.48 121.99
7 0.9908 238.06 1.35 277.38 42.42
8 0.9894 198.86 1.11 238.06 42.33
0 0.9887 277.21 241.30 317.64 281.15
0 0.9883 82.28 241.21 121.42 281.16
0 0.9879 121.34 241.32 160.17 281.21
2 0.9878 43.28 121.72 82.46 161.78
0 0.9873 198.85 241.33 237.96 281.15
0 0.9871 237.96 241.25 277.25 281.13
0 0.9870 43.36 241.34 82.27 281.18
6 0.9868 2.17 42.43 43.30 82.16
6 0.9868 160.13 42.37 198.90 82.13
8 0.9868 82.05 1.01 121.11 42.39
6 0.9868 238.08 42.39 277.28 82.17
2 0.9867 82.31 281.12 121.40 320.00
0 0.9865 1.63 241.25 43.45 281.16
9 0.9864 2.11 2.00 43.19 42.41
6 0.9862 277.16 42.29 317.38 82.14
6 0.9861 43.20 42.23 82.41 82.16
6 0.9861 198.78 42.33 238.11 82.18
3 0.9859 277.19 281.15 317.82 320.00
3 0.9858 1.62 281.19 43.25 320.00
6 0.9858 82.44 121.95 121.38 161.74
1 0.9853 43.21 281.14 82.35 319.99
11 0.9852 160.01 0.91 199.02 42.39
10 0.9847 121.32 281.20 160.30 320.00
9 0.9847 277.33 1.64 317.23 42.28
5 0.9847 160.26 281.23 198.92 320.00
