7 0.9895 82.57 82.11 121.53 122.00
8 0.9892 198.87 1.05 238.03 42.33
0 0.9887 277.05 241.29 317.86 281.14
0 0.9887 198.80 82.18 237.86 121.94
10 0.9885 121.24 1.75 160.06 42.33
0 0.9881 82.23 241.20 121.28 281.14
0 0.9880 198.77 241.34 237.95 281.03
0 0.9877 237.90 241.25 277.10 281.12
8 0.9875 82.19 1.13 121.31 42.37
0 0.9873 121.40 161.84 160.17 201.57
3 0.9871 277.00 281.14 317.86 319.99
6 0.9870 2.02 42.43 43.37 82.11
6 0.9870 82.45 42.38 121.42 82.16
6 0.9870 238.03 42.43 277.33 82.16
2 0.9869 82.26 281.10 121.27 320.00
0 0.9869 43.35 241.34 82.23 281.16
6 0.9868 160.12 42.36 198.92 82.15
0 0.9866 1.65 241.24 43.44 281.15
9 0.9863 2.11 1.99 43.18 42.42
6 0.9862 198.76 42.34 238.05 82.17
6 0.9862 43.21 42.23 82.44 82.15
2 0.9862 198.73 280.99 238.01 320.00
6 0.9862 277.17 42.31 317.35 82.14
6 0.9861 121.24 42.27 160.20 82.13
3 0.9855 1.69 281.18 43.23 320.00
11 0.9852 160.00 1.05 199.04 42.38
1 0.9850 43.18 281.13 82.29 319.99
5 0.9846 160.19 281.19 198.84 320.00
9 0.9843 277.36 1.58 317.15 42.29
4 0.9841 121.25 281.09 160.27 320.00
1 0.9818 237.98 281.13 277.02 319.95
