7 0.9903 82.54 82.13 121.52 121.95
7 0.9902 198.90 121.89 238.10 161.81
0 0.9883 277.30 241.27 317.50 281.13
0 0.9882 82.28 241.21 121.39 281.15
2 0.9877 43.25 121.71 82.46 161.78
6 0.9873 160.23 121.99 198.89 161.73
0 0.9872 277.40 161.72 317.36 201.47
3 0.9872 277.23 281.14 317.64 319.99
0 0.9872 121.33 241.36 160.14 281.16
2 0.9871 82.31 281.11 121.37 320.00
8 0.9869 82.40 121.95 121.38 161.72
0 0.9869 43.35 241.34 82.26 281.18
9 0.9869 2.23 2.10 43.15 42.41
6 0.9866 2.31 42.43 43.28 82.15
6 0.9866 82.45 42.37 121.51 82.17
6 0.9866 238.12 42.40 277.24 82.16
11 0.9864 121.42 42.23 160.07 82.12
0 0.9862 1.70 241.24 43.45 281.16
6 0.9861 43.17 42.23 82.44 82.15
6 0.9861 277.10 42.31 317.37 82.14
3 0.9857 1.70 281.19 43.25 320.00
6 0.9856 198.76 42.28 238.21 82.15
1 0.9855 43.21 281.14 82.34 319.99
5 0.9837 160.32 281.17 198.91 320.00
9 0.9835 277.35 1.75 317.15 42.28
1 0.9826 238.18 281.17 277.25 319.96
