7 0.9921 82.61 42.29 121.42 82.07
7 0.9908 237.96 1.56 277.31 42.38
8 0.9891 198.91 1.22 237.97 42.30
0 0.9885 277.02 241.31 317.64 281.15
0 0.9872 237.82 241.28 277.08 281.14
0 0.9872 43.41 161.75 82.17 201.52
9 0.9871 2.24 2.12 43.31 42.40
3 0.9869 82.23 2.02 121.31 42.37
6 0.9868 199.02 161.78 237.94 201.58
2 0.9867 198.72 281.00 237.93 320.00
6 0.9864 2.40 42.41 43.38 82.08
6 0.9862 238.04 42.34 277.24 82.10
0 0.9861 198.84 201.52 237.93 241.27
0 0.9859 159.95 241.21 198.93 281.16
3 0.9859 277.00 281.17 317.82 320.00
6 0.9857 277.11 121.88 317.49 161.74
11 0.9857 82.54 82.04 121.49 121.95
6 0.9854 198.85 42.32 238.12 82.12
0 0.9853 82.12 161.61 121.28 201.59
6 0.9853 43.27 42.17 82.56 82.16
0 0.9848 2.20 241.18 43.40 281.17
5 0.9844 82.12 241.14 121.26 281.12
9 0.9842 277.28 1.69 317.76 42.26
