7 0.9931 237.73 1.45 277.00 42.51
7 0.9916 43.32 1.28 82.21 42.40
8 0.9890 198.71 0.59 237.82 42.43
5 0.9889 160.09 281.18 198.82 320.00
0 0.9888 276.84 241.36 319.11 281.09
11 0.9885 159.96 0.95 198.93 42.48
0 0.9883 198.77 241.33 237.70 281.07
6 0.9882 1.47 42.49 43.32 82.13
9 0.9880 1.24 1.82 43.30 42.51
6 0.9880 82.29 42.44 121.32 82.19
6 0.9879 121.27 161.87 159.91 201.46
6 0.9875 237.85 42.44 276.91 82.10
0 0.9874 237.71 241.30 276.83 281.07
8 0.9872 82.16 0.79 121.35 42.51
10 0.9872 121.25 1.72 160.02 42.42
6 0.9868 43.23 42.36 82.30 82.10
6 0.9868 160.12 42.34 198.62 82.11
0 0.9868 43.31 241.36 82.19 281.15
0 0.9867 121.24 241.31 159.97 281.11
6 0.9867 276.82 42.34 318.49 82.19
6 0.9866 198.59 42.37 237.92 82.21
0 0.9866 159.89 161.77 198.86 201.49
2 0.9865 82.17 281.06 121.18 319.99
9 0.9863 276.93 1.54 318.45 42.37
3 0.9863 276.79 281.05 318.58 319.94
2 0.9862 198.69 280.99 237.98 319.98
0 0.9862 1.53 241.29 43.39 281.23
0 0.9861 82.16 241.24 121.24 281.05
4 0.9853 121.10 281.11 160.17 320.00
1 0.9840 43.19 281.03 82.26 319.97
3 0.9838 1.33 281.21 43.20 320.00
1 0.9827 238.00 281.01 276.82 319.98
