7 0.9924 160.21 122.03 198.99 161.77
7 0.9908 238.27 1.50 277.51 42.40
0 0.9885 277.13 241.29 317.67 281.15
6 0.9884 121.29 201.57 160.19 241.34
2 0.9878 82.33 281.13 121.41 320.00
0 0.9876 121.33 241.33 160.19 281.17
0 0.9870 198.75 241.31 237.94 281.15
0 0.9870 160.11 161.73 199.01 201.58
6 0.9870 238.32 42.38 277.43 82.13
0 0.9870 43.34 241.35 82.24 281.18
9 0.9870 2.21 2.10 43.22 42.40
0 0.9869 237.95 241.24 277.18 281.11
6 0.9869 2.26 42.42 43.35 82.14
6 0.9869 160.33 42.35 199.22 82.15
11 0.9864 121.55 82.08 160.27 121.86
8 0.9864 199.13 1.21 238.28 42.27
8 0.9864 82.21 1.11 121.33 42.38
0 0.9862 1.74 241.24 43.43 281.16
6 0.9860 43.26 42.22 82.47 82.12
1 0.9860 43.17 281.13 82.35 319.99
6 0.9860 277.27 42.28 317.21 82.12
3 0.9857 1.84 281.19 43.21 320.00
3 0.9856 277.09 281.15 317.79 320.00
5 0.9845 160.12 241.15 198.89 281.10
9 0.9840 277.48 1.71 317.08 42.26
