7 0.9908 238.06 1.37 277.42 42.41
7 0.9901 121.43 42.31 160.15 82.16
8 0.9895 198.85 1.15 238.07 42.33
0 0.9887 277.03 241.29 317.92 281.14
0 0.9887 121.34 121.89 160.21 161.79
10 0.9887 121.26 1.83 160.08 42.37
0 0.9879 198.75 241.34 237.92 281.03
8 0.9877 82.19 1.19 121.33 42.38
0 0.9876 121.34 161.79 160.17 201.56
0 0.9876 237.88 241.25 277.08 281.12
2 0.9873 82.27 281.12 121.28 320.00
3 0.9871 276.97 281.14 317.93 319.99
0 0.9870 43.35 241.35 82.21 281.17
6 0.9869 2.17 42.42 43.35 82.10
6 0.9868 238.11 42.39 277.36 82.15
6 0.9867 82.33 42.35 121.43 82.11
0 0.9865 1.66 241.24 43.44 281.16
9 0.9864 2.18 2.02 43.14 42.41
6 0.9863 160.14 42.36 198.89 82.16
2 0.9862 198.71 280.99 237.99 320.00
6 0.9862 277.22 42.29 317.30 82.14
6 0.9861 198.79 42.32 238.14 82.18
6 0.9860 43.19 42.22 82.35 82.13
0 0.9856 82.25 161.66 121.42 201.58
3 0.9856 1.69 281.19 43.23 320.00
11 0.9853 160.01 1.11 199.01 42.38
1 0.9851 43.18 281.12 82.30 320.00
9 0.9848 277.37 1.65 317.17 42.27
5 0.9847 160.14 281.18 198.81 320.00
4 0.9843 121.25 281.08 160.23 320.00
1 0.9818 237.95 281.13 276.99 319.95
