7 0.9907 238.13 1.54 277.40 42.43
8 0.9893 199.02 1.41 238.18 42.31
0 0.9881 277.13 241.27 317.53 281.13
0 0.9877 121.21 161.79 160.07 201.54
6 0.9871 121.24 121.86 160.12 161.80
1 0.9868 121.36 241.31 159.91 281.13
0 0.9867 198.63 241.33 237.91 281.17
0 0.9865 238.05 201.56 277.04 241.25
6 0.9864 160.33 42.33 199.10 82.13
11 0.9863 121.53 42.22 160.31 82.09
6 0.9862 238.22 42.37 277.29 82.16
3 0.9862 277.14 281.14 317.94 320.00
6 0.9861 2.41 42.39 43.29 82.12
6 0.9859 277.14 42.27 317.35 82.12
6 0.9857 198.89 42.31 238.32 82.17
2 0.9856 276.98 201.33 317.90 241.27
0 0.9854 160.01 201.58 198.84 241.27
6 0.9848 82.19 82.06 121.58 122.01
9 0.9845 277.35 1.82 317.23 42.25
5 0.9826 121.35 281.08 160.00 320.00
1 0.9813 2.75 281.19 43.07 319.97
