7 0.9888 43.23 1.72 82.10 42.16
8 0.9881 277.30 281.09 317.30 320.00
0 0.9880 121.38 161.81 160.13 201.57
0 0.9875 160.06 161.73 199.06 201.63
6 0.9871 121.38 121.86 160.18 161.82
6 0.9869 160.20 121.99 198.93 161.77
0 0.9868 198.98 241.35 238.19 281.17
0 0.9868 43.30 241.32 82.29 281.18
3 0.9866 198.81 1.99 237.73 42.31
2 0.9866 2.45 1.30 43.24 42.27
0 0.9865 277.45 241.27 317.01 281.09
1 0.9863 160.15 241.24 199.15 281.16
11 0.9862 121.45 42.21 159.99 82.10
6 0.9861 198.58 42.26 237.94 82.14
6 0.9857 2.49 42.27 43.32 82.10
0 0.9854 1.83 241.23 43.42 281.20
1 0.9851 82.32 201.55 121.45 241.21
6 0.9849 82.30 82.07 121.61 122.02
0 0.9845 82.25 241.23 121.50 281.16
5 0.9831 121.46 241.22 160.19 281.13
