8 0.9878 2.05 1.30 43.51 42.33
0 0.9874 82.41 241.19 121.65 281.28
0 0.9870 198.86 241.32 238.13 281.20
0 0.9870 43.37 241.32 82.40 281.17
8 0.9866 160.28 42.40 198.99 82.06
6 0.9865 238.33 42.37 277.40 82.13
0 0.9864 238.11 241.24 277.45 281.16
6 0.9863 2.32 42.35 43.52 82.11
0 0.9863 277.39 241.28 317.26 281.11
6 0.9863 82.64 42.33 121.67 82.10
0 0.9858 1.72 241.24 43.50 281.21
6 0.9857 277.24 42.23 317.18 82.11
11 0.9853 160.20 1.21 199.04 42.40
1 0.9847 277.46 1.44 317.08 42.27
10 0.9839 82.47 281.24 121.59 320.00
5 0.9837 160.25 241.16 199.03 281.16
