7 0.9908 237.98 1.38 277.35 42.41
7 0.9895 82.50 82.11 121.54 121.98
8 0.9892 198.80 1.16 237.98 42.34
0 0.9885 277.29 241.29 317.53 281.14
0 0.9882 82.41 241.21 121.56 281.14
10 0.9880 121.34 1.78 160.05 42.30
2 0.9876 43.28 121.73 82.43 161.78
0 0.9876 160.07 161.73 199.00 201.59
0 0.9872 238.12 241.24 277.33 281.13
0 0.9872 121.48 241.35 160.28 281.11
0 0.9871 43.38 241.34 82.38 281.17
6 0.9871 82.40 42.38 121.42 82.15
2 0.9871 82.43 281.10 121.54 320.00
3 0.9869 277.26 281.14 317.53 319.98
6 0.9869 2.22 42.43 43.29 82.15
6 0.9868 160.20 122.00 198.95 161.76
6 0.9868 238.00 42.39 277.26 82.17
0 0.9866 1.55 241.25 43.47 281.16
9 0.9863 2.16 2.02 43.18 42.41
6 0.9862 277.14 42.29 317.42 82.14
6 0.9861 43.19 42.24 82.39 82.15
6 0.9859 198.74 42.33 238.02 82.14
3 0.9859 1.55 281.19 43.28 320.00
1 0.9852 43.24 281.13 82.46 319.99
11 0.9851 160.00 1.07 198.96 42.37
6 0.9851 121.39 121.86 160.18 161.82
9 0.9848 277.29 1.67 317.27 42.27
5 0.9843 160.51 281.15 198.98 320.00
8 0.9842 121.47 281.07 160.57 320.00
1 0.9826 238.24 281.15 277.27 319.96
