7 0.9915 43.23 1.23 82.29 42.30
7 0.9909 238.02 1.36 277.36 42.41
0 0.9887 277.13 241.30 317.78 281.14
10 0.9885 121.33 1.71 160.12 42.33
0 0.9880 82.27 241.20 121.34 281.14
0 0.9876 237.92 241.25 277.18 281.14
2 0.9876 43.29 121.72 82.40 161.78
0 0.9876 160.04 161.73 198.96 201.60
8 0.9874 82.26 1.06 121.39 42.38
0 0.9873 198.82 241.34 237.92 281.14
3 0.9870 277.10 281.14 317.77 319.99
0 0.9870 43.36 241.34 82.27 281.17
6 0.9870 198.86 82.14 237.88 121.92
6 0.9870 2.03 42.44 43.39 82.12
6 0.9869 160.22 122.00 198.93 161.76
2 0.9868 82.30 281.10 121.34 320.00
6 0.9868 238.04 42.38 277.27 82.17
9 0.9866 2.07 2.01 43.25 42.43
0 0.9866 1.64 241.24 43.45 281.16
6 0.9864 82.36 42.34 121.44 82.12
8 0.9863 198.86 1.09 238.01 42.28
6 0.9863 43.24 42.22 82.38 82.14
6 0.9863 277.15 42.30 317.43 82.14
0 0.9862 121.35 121.88 160.18 161.76
6 0.9861 121.30 42.28 160.24 82.14
3 0.9856 1.65 281.19 43.24 320.00
11 0.9850 160.05 1.01 199.00 42.38
1 0.9850 43.19 281.13 82.33 320.00
9 0.9847 277.31 1.63 317.25 42.28
5 0.9845 160.23 281.19 198.89 320.00
4 0.9840 121.31 281.09 160.33 320.00
1 0.9828 238.05 281.15 277.11 319.96
