7 0.9907 238.18 1.53 277.46 42.44
0 0.9884 277.32 241.29 317.49 281.15
0 0.9884 82.41 241.18 121.54 281.15
0 0.9873 198.94 241.33 238.10 281.15
0 0.9872 121.50 241.35 160.30 281.12
2 0.9871 82.41 281.11 121.51 320.00
0 0.9870 43.37 241.32 82.41 281.15
0 0.9869 238.09 241.24 277.36 281.13
6 0.9868 160.31 42.35 199.15 82.16
9 0.9868 2.22 2.09 43.20 42.40
6 0.9868 238.26 42.38 277.37 82.13
8 0.9866 199.08 1.31 238.22 42.26
0 0.9865 160.14 161.71 199.01 201.59
6 0.9865 2.29 42.42 43.33 82.15
6 0.9864 82.43 201.56 121.51 241.24
0 0.9862 1.64 241.24 43.46 281.16
6 0.9859 277.22 42.27 317.25 82.13
11 0.9859 160.23 121.97 198.93 161.75
6 0.9859 43.23 42.22 82.45 82.13
6 0.9856 43.30 121.80 82.44 161.81
3 0.9856 277.31 281.15 317.63 320.00
9 0.9843 277.42 1.79 317.12 42.26
5 0.9842 160.52 281.16 199.02 320.00
8 0.9841 121.45 281.08 160.58 320.00
3 0.9839 1.73 281.19 43.23 320.00
