7 0.9919 43.27 1.51 82.29 42.27
7 0.9909 238.23 1.45 277.50 42.41
8 0.9894 199.11 1.20 238.26 42.32
0 0.9887 277.03 241.30 317.95 281.15
2 0.9884 121.44 1.08 160.31 42.27
9 0.9875 2.11 2.18 43.28 42.40
3 0.9872 276.98 281.14 317.94 319.99
0 0.9871 43.29 241.32 82.16 281.14
8 0.9871 238.01 161.66 277.16 201.59
0 0.9870 237.91 241.26 277.09 281.13
6 0.9870 2.17 42.42 43.36 82.14
2 0.9869 198.67 281.01 238.05 320.00
6 0.9869 160.27 122.00 199.00 161.74
6 0.9869 238.27 42.39 277.41 82.13
6 0.9866 160.25 42.33 199.18 82.15
11 0.9865 121.41 42.20 160.27 82.10
6 0.9864 121.39 161.79 160.17 201.55
6 0.9862 43.28 42.21 82.42 82.12
6 0.9862 277.24 42.29 317.29 82.13
6 0.9860 199.01 42.31 238.31 82.18
0 0.9860 198.69 201.53 237.95 241.27
0 0.9858 1.82 241.25 43.37 281.14
0 0.9854 82.13 241.21 121.30 281.19
1 0.9852 1.65 201.63 43.39 241.18
9 0.9843 277.47 1.69 317.12 42.27
5 0.9843 159.99 241.20 198.79 281.13
4 0.9837 121.27 281.12 160.16 320.00
3 0.9832 2.01 281.17 43.10 320.00
1 0.9821 238.08 281.14 277.04 319.97
