7 0.9917 43.32 1.49 82.40 42.29
7 0.9910 238.18 1.54 277.44 42.38
9 0.9877 2.03 2.17 43.34 42.40
0 0.9871 198.94 241.35 238.22 281.17
6 0.9869 160.25 122.00 199.04 161.75
6 0.9868 2.15 42.43 43.38 82.14
2 0.9865 2.20 201.52 43.40 241.19
1 0.9865 277.40 1.32 317.01 42.28
0 0.9863 43.35 201.54 82.42 241.25
6 0.9862 238.23 42.37 277.37 82.13
0 0.9861 277.49 241.27 317.32 281.08
6 0.9860 43.28 42.24 82.52 82.13
6 0.9859 277.24 42.23 317.13 82.12
0 0.9855 160.20 201.57 199.06 241.22
0 0.9852 2.08 241.25 43.46 281.17
1 0.9852 82.43 201.54 121.55 241.21
6 0.9849 121.41 121.86 160.24 161.80
3 0.9848 198.93 281.13 238.26 320.00
11 0.9847 160.24 1.01 199.03 42.39
0 0.9842 82.34 241.20 121.61 281.19
5 0.9837 121.58 241.21 160.22 281.10
