8 0.9888 198.93 1.10 238.07 42.34
0 0.9886 277.03 241.29 317.84 281.14
4 0.9878 121.48 121.89 160.23 161.82
0 0.9878 198.73 241.33 237.98 281.06
0 0.9875 237.93 241.24 277.08 281.13
3 0.9871 276.98 281.14 317.84 319.99
0 0.9870 43.28 241.34 82.17 281.18
6 0.9869 238.08 42.43 277.37 82.15
0 0.9867 121.42 161.82 160.18 201.58
8 0.9867 82.23 1.04 121.45 42.38
0 0.9866 159.92 241.23 198.89 281.15
6 0.9863 2.17 122.06 43.33 161.74
0 0.9863 1.79 241.24 43.37 281.16
6 0.9863 43.26 42.23 82.47 82.11
6 0.9860 277.21 42.31 317.25 82.13
2 0.9860 198.73 281.01 238.04 320.00
6 0.9858 198.87 42.33 238.16 82.15
3 0.9856 1.86 281.19 43.12 320.00
6 0.9855 160.24 122.00 198.98 161.75
0 0.9853 82.13 241.21 121.32 281.18
9 0.9851 2.08 2.01 43.26 42.37
11 0.9851 121.39 0.97 160.21 42.23
1 0.9849 43.05 281.14 82.12 320.00
9 0.9839 277.41 1.63 317.10 42.29
5 0.9831 121.15 281.09 160.01 320.00
1 0.9815 238.00 281.14 277.00 319.95
