7 0.9910 238.21 1.66 277.40 42.38
0 0.9879 82.37 241.20 121.45 281.14
0 0.9879 121.48 161.81 160.26 201.55
0 0.9875 277.37 241.27 317.24 281.14
6 0.9875 121.47 121.89 160.31 161.82
0 0.9874 198.95 241.33 238.10 281.15
0 0.9870 43.37 241.33 82.36 281.18
6 0.9869 160.25 42.35 199.12 82.15
10 0.9869 277.23 281.13 316.67 319.99
6 0.9868 82.39 42.33 121.43 82.08
2 0.9868 82.40 281.10 121.44 320.00
11 0.9866 82.44 82.07 121.50 121.96
8 0.9865 199.01 1.37 238.22 42.26
0 0.9864 1.55 241.24 43.46 281.17
6 0.9864 2.21 42.40 43.34 82.14
6 0.9864 238.28 42.37 277.30 82.13
3 0.9861 1.58 281.19 43.27 320.00
1 0.9858 43.24 281.14 82.42 319.99
6 0.9858 160.21 161.70 199.08 201.60
9 0.9846 277.38 1.85 317.62 42.22
5 0.9838 160.46 281.15 198.97 320.00
1 0.9828 238.14 281.18 277.27 319.95
