7 0.9917 43.24 1.42 82.27 42.28
7 0.9908 238.06 1.38 277.40 42.41
8 0.9894 198.88 1.16 238.07 42.33
0 0.9885 277.30 241.29 317.47 281.14
0 0.9883 82.40 241.21 121.54 281.14
10 0.9879 121.42 1.84 160.17 42.30
2 0.9875 43.29 121.72 82.42 161.79
0 0.9873 198.93 241.32 238.06 281.14
9 0.9873 2.07 2.13 43.25 42.41
0 0.9872 121.47 241.34 160.27 281.11
2 0.9872 82.43 281.10 121.51 320.00
0 0.9872 43.42 241.33 82.37 281.18
0 0.9870 238.06 241.24 277.34 281.12
6 0.9869 2.15 42.43 43.34 82.15
0 0.9869 160.04 161.69 199.03 201.60
6 0.9868 160.24 42.36 198.94 82.12
6 0.9868 238.10 42.39 277.30 82.17
6 0.9866 121.44 161.79 160.11 201.56
6 0.9864 43.21 42.23 82.42 82.14
6 0.9861 277.18 42.29 317.30 82.14
6 0.9861 198.82 42.32 238.13 82.18
3 0.9860 1.07 281.17 43.29 320.00
0 0.9859 1.68 161.72 43.48 201.59
3 0.9854 277.30 281.15 317.61 320.00
1 0.9854 43.27 281.12 82.45 319.99
6 0.9853 82.38 82.06 121.58 122.02
11 0.9853 160.11 1.11 199.05 42.38
9 0.9847 277.35 1.67 317.16 42.27
5 0.9843 160.52 281.15 199.03 320.00
8 0.9843 121.45 281.07 160.58 320.00
