7 0.9897 43.24 1.72 82.17 42.21
9 0.9882 2.17 2.30 43.26 42.37
8 0.9880 82.50 121.98 121.60 161.73
7 0.9880 276.97 281.13 318.11 320.00
0 0.9879 82.37 241.20 121.49 281.16
0 0.9871 43.38 241.33 82.38 281.16
0 0.9871 277.34 161.71 317.42 201.46
0 0.9870 238.04 241.25 277.21 281.14
2 0.9867 82.38 281.13 121.47 320.00
6 0.9865 238.17 42.40 277.31 82.14
6 0.9865 2.23 42.39 43.39 82.12
6 0.9864 160.32 121.99 199.02 161.71
11 0.9863 121.46 42.23 160.16 82.11
2 0.9863 198.78 281.03 238.14 320.00
0 0.9862 1.62 241.23 43.47 281.17
6 0.9860 277.14 42.29 317.39 82.12
1 0.9858 121.57 121.86 160.35 161.74
6 0.9856 43.39 161.79 82.42 201.55
6 0.9856 198.82 42.27 238.26 82.15
3 0.9840 1.67 281.19 43.26 320.00
9 0.9837 277.38 1.80 317.18 42.27
5 0.9833 160.46 281.15 198.92 320.00
1 0.9828 238.09 281.15 277.05 319.97
