1 0.9777 155.71 256.84 210.62 319.11
1 0.9711 248.55 117.72 285.38 167.41
1 0.9695 254.80 261.61 301.94 319.88
1 0.9653 65.74 248.57 118.84 308.74
5 0.9637 65.64 205.97 119.97 255.17
1 0.9593 209.35 266.61 257.09 319.58
1 0.9584 66.95 245.60 119.32 291.12
1 0.9467 250.43 119.68 299.94 173.59
5 0.9467 196.11 225.61 254.92 282.53
1 0.9358 29.11 0.02 90.74 48.49
1 0.9339 279.73 0.03 316.94 41.30
1 0.9292 102.06 278.13 157.29 319.87
1 0.9273 258.83 143.21 318.03 198.85
5 0.9267 111.49 209.46 151.85 262.46
1 0.9016 209.21 296.23 256.12 319.92
1 0.9008 226.15 67.57 275.26 122.64
1 0.9004 275.76 111.31 318.61 160.08
