7 0.9907 238.20 1.57 277.41 42.39
7 0.9896 82.47 82.09 121.53 121.99
0 0.9885 277.08 241.30 317.76 281.16
0 0.9885 82.15 241.19 121.45 281.14
0 0.9875 198.77 241.33 238.00 281.05
9 0.9875 43.22 2.18 82.16 42.21
0 0.9872 121.38 161.83 160.17 201.57
0 0.9869 237.95 241.25 277.14 281.11
1 0.9867 121.38 241.33 160.02 281.14
6 0.9864 238.23 42.37 277.30 82.16
2 0.9863 82.19 281.11 121.42 320.00
11 0.9863 121.38 42.23 160.05 82.10
6 0.9863 160.01 82.09 198.95 122.04
6 0.9861 2.20 42.41 43.31 82.14
3 0.9861 277.07 281.16 317.97 320.00
6 0.9861 43.22 42.21 82.37 82.13
6 0.9859 277.17 42.28 317.28 82.13
2 0.9858 198.79 281.06 238.08 320.00
6 0.9856 198.85 42.28 238.30 82.17
0 0.9850 2.13 241.21 43.35 281.18
9 0.9841 277.37 1.78 317.14 42.26
5 0.9823 121.31 281.08 160.13 320.00
8 0.9814 2.17 281.24 43.09 320.00
