8 0.9889 199.05 1.10 238.18 42.33
0 0.9887 277.07 241.29 317.93 281.15
7 0.9886 277.00 82.19 317.81 121.93
0 0.9878 198.76 241.34 237.95 281.04
0 0.9875 237.91 241.25 277.12 281.13
0 0.9872 43.35 241.32 82.29 281.15
3 0.9872 277.01 281.14 317.93 319.99
6 0.9870 238.18 42.43 277.40 82.16
8 0.9865 82.27 1.03 121.51 42.37
0 0.9865 160.11 122.01 199.06 161.69
6 0.9864 2.09 122.05 43.39 161.73
0 0.9864 1.60 241.23 43.44 281.16
6 0.9860 43.30 42.22 82.57 82.12
2 0.9859 198.71 281.00 238.01 320.00
6 0.9859 277.24 42.32 317.28 82.17
6 0.9858 198.97 42.32 238.26 82.14
0 0.9855 82.44 82.03 121.55 121.98
9 0.9852 2.09 1.99 43.30 42.37
11 0.9851 121.46 1.00 160.24 42.21
0 0.9849 82.23 241.24 121.32 281.12
1 0.9848 82.33 201.56 121.34 241.22
5 0.9845 160.14 281.19 198.81 320.00
9 0.9841 277.45 1.60 317.23 42.29
3 0.9837 1.74 281.18 43.22 320.00
4 0.9836 121.18 281.13 160.16 320.00
1 0.9817 237.97 281.14 277.03 319.95
