7 0.9915 43.27 1.42 82.34 42.28
7 0.9900 238.10 1.50 277.42 42.39
8 0.9895 199.00 1.41 238.16 42.28
2 0.9885 277.28 0.81 317.01 42.23
0 0.9884 277.17 241.29 317.68 281.14
8 0.9878 82.32 1.22 121.29 42.36
9 0.9876 1.97 2.15 43.29 42.40
0 0.9875 238.00 241.24 277.22 281.13
0 0.9874 198.88 241.32 237.99 281.14
0 0.9871 121.45 161.83 160.24 201.59
3 0.9870 277.13 281.14 317.70 319.99
0 0.9869 43.35 241.32 82.37 281.14
6 0.9868 2.01 42.42 43.37 82.14
6 0.9866 160.28 42.33 199.06 82.11
0 0.9865 1.60 241.23 43.44 281.15
6 0.9865 82.52 42.32 121.46 82.10
0 0.9864 121.37 201.54 160.20 241.28
6 0.9862 43.30 42.21 82.54 82.13
6 0.9860 198.94 42.29 238.20 82.16
6 0.9857 277.22 42.20 317.08 82.06
11 0.9852 160.17 1.09 199.15 42.36
1 0.9852 82.42 201.56 121.43 241.22
0 0.9846 82.31 241.24 121.45 281.11
3 0.9840 1.71 281.18 43.23 320.00
5 0.9833 121.33 281.08 160.17 320.00
1 0.9826 238.14 281.15 277.19 319.98
