7 0.9895 82.44 82.08 121.53 121.98
0 0.9883 277.06 241.28 317.72 281.15
0 0.9878 121.36 161.79 160.10 201.52
1 0.9873 198.78 201.53 237.88 241.27
6 0.9873 121.37 121.86 160.13 161.79
6 0.9872 160.14 121.97 198.77 161.72
0 0.9871 43.35 161.80 82.23 201.52
0 0.9869 43.35 241.32 82.22 281.18
0 0.9868 237.89 241.20 277.11 281.11
0 0.9867 198.81 241.26 237.85 281.10
6 0.9866 238.01 42.37 277.18 82.15
11 0.9860 160.13 42.35 198.72 82.09
6 0.9859 2.35 42.39 43.28 82.13
6 0.9859 198.61 42.27 238.01 82.14
0 0.9859 198.67 121.86 237.91 161.77
0 0.9859 1.77 241.23 43.43 281.16
6 0.9857 43.18 42.19 82.36 82.13
3 0.9855 1.85 281.19 43.23 320.00
3 0.9854 277.02 281.15 317.81 320.00
1 0.9853 43.19 281.14 82.28 320.00
9 0.9845 277.24 1.88 317.68 42.22
5 0.9837 160.01 241.15 198.88 281.12
