7 0.9916 43.28 1.36 82.34 42.28
7 0.9907 237.99 1.34 277.38 42.41
8 0.9893 198.82 1.12 238.00 42.34
0 0.9888 277.01 241.30 318.02 281.15
10 0.9884 121.35 1.81 160.12 42.34
0 0.9878 198.71 241.34 237.89 281.04
0 0.9875 237.84 241.25 277.06 281.13
3 0.9874 276.94 281.14 318.03 320.00
9 0.9873 1.96 2.09 43.29 42.41
0 0.9872 43.34 241.34 82.23 281.15
2 0.9872 82.26 281.15 121.38 320.00
6 0.9871 2.03 42.43 43.35 82.14
6 0.9868 238.04 42.39 277.31 82.16
6 0.9866 160.08 82.10 198.92 122.03
6 0.9863 43.24 42.23 82.41 82.13
0 0.9863 1.65 241.26 43.42 281.15
0 0.9863 160.08 122.02 199.01 161.70
6 0.9862 277.19 42.29 317.43 82.14
6 0.9861 121.31 42.28 160.24 82.13
6 0.9861 198.77 42.33 238.07 82.16
2 0.9858 198.68 281.00 237.96 320.00
1 0.9855 1.50 201.64 43.43 241.19
8 0.9854 82.20 0.96 121.40 42.38
11 0.9850 160.06 1.04 198.98 42.38
9 0.9849 277.33 1.63 317.32 42.28
5 0.9846 160.13 281.20 198.79 320.00
10 0.9843 121.27 281.18 160.17 320.00
3 0.9836 1.78 281.17 43.18 320.00
1 0.9818 237.92 281.14 276.96 319.95
