7 0.9917 43.28 1.42 82.32 42.28
7 0.9909 238.07 1.43 277.42 42.41
8 0.9893 198.89 1.23 238.07 42.33
0 0.9888 277.06 241.29 317.87 281.14
2 0.9883 121.28 1.04 160.18 42.29
0 0.9880 198.75 241.33 237.99 281.05
0 0.9877 237.94 241.24 277.11 281.13
9 0.9873 1.97 2.11 43.29 42.41
6 0.9872 2.00 42.43 43.36 82.15
3 0.9871 277.00 281.14 317.86 319.99
0 0.9870 43.33 241.34 82.21 281.17
6 0.9868 238.08 42.39 277.31 82.17
0 0.9866 159.99 241.24 198.92 281.20
0 0.9865 1.72 241.24 43.42 281.16
6 0.9865 121.40 161.80 160.14 201.58
6 0.9864 43.25 42.23 82.41 82.13
2 0.9863 198.74 281.00 238.05 320.00
6 0.9863 121.29 42.20 160.27 82.13
6 0.9862 277.17 42.29 317.34 82.14
8 0.9860 82.17 1.00 121.35 42.37
6 0.9860 198.83 42.32 238.10 82.14
3 0.9856 1.74 281.19 43.20 320.00
0 0.9854 82.17 241.22 121.32 281.19
11 0.9850 160.12 0.98 199.04 42.35
9 0.9849 277.38 1.68 317.20 42.27
1 0.9846 43.15 281.14 82.17 320.00
5 0.9845 160.16 281.20 198.85 320.00
4 0.9836 121.15 281.13 160.19 320.00
1 0.9819 238.01 281.14 277.02 319.95
