7 0.9907 238.06 1.36 277.40 42.41
8 0.9894 198.87 1.14 238.06 42.33
0 0.9886 277.12 241.29 317.73 281.14
2 0.9880 82.34 281.12 121.36 320.00
10 0.9879 121.38 1.80 160.12 42.31
0 0.9879 198.74 241.33 238.04 281.05
0 0.9875 237.99 241.24 277.18 281.13
0 0.9872 43.36 241.35 82.33 281.15
3 0.9871 277.08 281.14 317.73 319.99
6 0.9869 2.21 42.44 43.33 82.14
6 0.9869 160.19 42.36 198.91 82.12
6 0.9867 238.10 42.39 277.30 82.17
0 0.9867 160.02 241.24 198.93 281.17
9 0.9865 2.16 2.01 43.19 42.42
0 0.9864 1.59 241.24 43.45 281.16
6 0.9861 277.17 42.30 317.35 82.14
6 0.9861 198.79 42.33 238.13 82.18
6 0.9860 43.23 42.23 82.42 82.13
2 0.9860 198.71 281.01 238.10 320.00
6 0.9859 82.44 121.99 121.41 161.75
11 0.9852 160.06 1.08 199.03 42.39
6 0.9850 82.34 82.06 121.56 122.03
1 0.9849 82.43 201.54 121.32 241.20
9 0.9847 277.34 1.64 317.22 42.28
5 0.9844 160.29 281.14 198.83 320.00
3 0.9839 1.71 281.19 43.21 320.00
8 0.9838 121.28 281.04 160.35 320.00
1 0.9818 238.11 281.14 277.14 319.98
