7 0.9908 43.29 1.52 82.39 42.27
3 0.9895 277.05 161.79 317.90 201.49
0 0.9883 277.01 241.28 317.70 281.14
9 0.9879 2.07 2.22 43.30 42.39
8 0.9878 82.38 1.36 121.42 42.35
3 0.9872 277.00 281.14 317.69 320.00
6 0.9871 160.18 121.99 198.92 161.78
0 0.9867 43.31 241.31 82.20 281.15
11 0.9866 198.80 42.19 237.98 82.11
1 0.9865 160.05 161.73 198.84 201.52
6 0.9865 2.14 42.41 43.38 82.13
6 0.9864 82.55 42.30 121.55 82.10
6 0.9863 237.94 161.67 277.13 201.57
0 0.9862 237.93 201.56 276.99 241.23
6 0.9859 43.31 42.20 82.57 82.12
0 0.9859 198.63 201.48 237.95 241.23
6 0.9855 277.08 42.22 317.55 82.06
0 0.9851 2.01 241.23 43.42 281.18
0 0.9848 82.17 241.18 121.34 281.20
5 0.9840 159.94 241.15 198.73 281.14
1 0.9829 238.07 281.16 277.05 319.99
