7 0.9916 43.25 1.36 82.25 42.29
7 0.9908 238.10 1.43 277.42 42.41
8 0.9893 198.94 1.21 238.11 42.33
0 0.9886 277.17 241.29 317.64 281.14
2 0.9879 121.32 0.95 160.24 42.27
0 0.9878 198.82 241.33 238.04 281.03
0 0.9872 121.40 241.36 160.20 281.15
9 0.9872 2.08 2.10 43.26 42.41
0 0.9870 237.99 241.25 277.21 281.10
6 0.9868 2.17 42.43 43.34 82.15
6 0.9868 238.12 42.39 277.32 82.17
6 0.9866 82.43 42.34 121.43 82.11
0 0.9864 43.34 201.59 82.33 241.29
0 0.9863 1.75 241.25 43.44 281.15
6 0.9863 43.27 42.23 82.45 82.13
6 0.9861 277.20 42.29 317.30 82.14
2 0.9861 198.84 281.04 238.13 320.00
6 0.9860 160.13 161.73 199.00 201.62
6 0.9859 198.88 42.32 238.13 82.14
3 0.9857 277.15 281.15 317.82 320.00
3 0.9856 1.85 281.18 43.17 320.00
0 0.9856 160.16 201.60 198.97 241.24
0 0.9854 82.26 241.22 121.48 281.17
6 0.9852 121.40 121.86 160.23 161.81
11 0.9848 160.17 0.94 199.10 42.34
9 0.9848 277.38 1.69 317.16 42.27
1 0.9846 43.11 281.12 82.20 320.00
5 0.9837 121.27 281.13 160.21 320.00
