7 0.9919 43.42 1.44 82.36 42.29
7 0.9909 238.09 1.36 277.34 42.41
0 0.9877 160.06 161.74 198.95 201.61
0 0.9876 198.69 241.33 237.90 281.04
3 0.9876 276.86 281.11 318.75 319.99
0 0.9874 237.84 241.25 276.92 281.13
0 0.9873 277.17 161.77 317.45 201.49
0 0.9871 43.33 241.34 82.28 281.18
8 0.9871 160.25 42.45 198.81 82.11
9 0.9870 121.55 82.19 160.27 121.91
6 0.9869 160.24 122.02 198.93 161.78
6 0.9866 238.13 42.38 277.24 82.17
6 0.9865 121.44 42.26 160.27 82.22
6 0.9864 43.37 42.24 82.42 82.12
6 0.9863 277.08 121.92 317.38 161.73
6 0.9863 198.74 42.32 238.13 82.15
0 0.9861 1.79 241.25 43.42 281.16
6 0.9860 1.85 161.74 43.44 201.65
2 0.9860 198.71 281.05 238.01 320.00
3 0.9856 1.90 281.19 43.18 320.00
1 0.9854 43.13 281.14 82.22 320.00
0 0.9851 82.25 241.20 121.52 281.19
11 0.9851 160.14 0.86 198.95 42.43
8 0.9850 82.22 0.98 121.35 42.40
9 0.9843 277.31 1.65 317.73 42.25
5 0.9840 121.43 241.25 160.04 281.09
1 0.9825 238.00 281.14 276.90 319.97
