7 0.9930 237.71 1.43 276.97 42.52
7 0.9916 43.31 1.30 82.22 42.38
5 0.9894 160.07 281.22 198.81 320.00
8 0.9890 198.67 0.56 237.79 42.43
0 0.9890 121.26 161.83 160.00 201.44
0 0.9887 276.84 241.36 319.12 281.09
11 0.9885 159.93 0.94 198.90 42.48
0 0.9884 198.76 241.33 237.70 281.06
6 0.9882 1.58 42.49 43.31 82.12
9 0.9881 1.28 1.85 43.29 42.51
6 0.9876 121.24 121.91 160.04 161.85
6 0.9875 237.81 42.45 276.88 82.11
0 0.9874 237.72 241.30 276.83 281.07
6 0.9872 82.26 121.98 121.29 161.75
10 0.9871 121.21 1.73 159.98 42.42
6 0.9868 276.80 42.35 318.56 82.20
6 0.9868 160.08 42.34 198.58 82.12
0 0.9867 43.30 241.36 82.18 281.15
6 0.9867 43.23 42.32 82.33 82.10
6 0.9866 198.55 42.38 237.89 82.21
0 0.9865 159.88 241.23 198.84 281.20
2 0.9865 82.17 281.06 121.18 319.99
2 0.9864 198.67 280.99 237.99 319.98
9 0.9863 276.89 1.53 318.53 42.38
3 0.9863 276.79 281.05 318.60 319.94
0 0.9862 82.15 241.24 121.28 281.05
8 0.9861 82.08 0.70 121.32 42.38
0 0.9861 1.57 241.30 43.38 281.23
4 0.9853 121.10 281.17 160.16 320.00
1 0.9839 43.16 281.04 82.26 320.00
3 0.9837 1.34 281.22 43.20 320.00
1 0.9826 238.00 281.01 276.82 319.98
