7 0.9921 121.32 121.89 160.01 161.79
7 0.9912 43.18 1.50 82.19 42.29
3 0.9878 276.80 281.13 318.74 320.00
9 0.9876 2.22 2.17 43.19 42.40
0 0.9874 237.76 241.25 276.86 281.15
0 0.9872 277.08 161.73 317.57 201.48
0 0.9870 198.56 241.32 237.75 281.17
6 0.9867 238.03 42.39 277.17 82.16
6 0.9864 82.40 42.35 121.42 82.12
6 0.9863 2.31 42.42 43.33 82.14
6 0.9860 277.02 42.30 317.44 82.13
11 0.9860 160.26 42.36 198.80 82.09
6 0.9860 43.24 42.22 82.43 82.13
6 0.9859 198.70 42.26 238.09 82.16
6 0.9855 121.17 161.72 159.96 201.42
0 0.9852 81.98 241.18 121.24 281.19
2 0.9848 121.11 201.40 159.96 241.24
0 0.9844 2.28 241.22 43.18 281.18
1 0.9841 42.89 281.13 82.06 320.00
5 0.9839 159.77 241.16 198.69 281.14
9 0.9838 277.30 1.78 317.18 42.27
8 0.9832 2.31 281.25 42.97 320.00
1 0.9830 237.92 281.16 276.85 319.99
