7 0.9931 237.72 1.47 277.00 42.50
7 0.9916 43.33 1.31 82.21 42.39
5 0.9891 160.10 281.19 198.83 320.00
0 0.9888 276.84 241.37 319.13 281.09
8 0.9885 198.74 0.69 237.82 42.46
0 0.9883 198.78 241.34 237.70 281.07
6 0.9882 1.43 42.49 43.33 82.13
9 0.9880 1.21 1.85 43.32 42.51
6 0.9880 82.29 42.43 121.25 82.15
11 0.9880 160.02 0.85 198.91 42.58
6 0.9879 160.01 121.99 198.81 161.78
6 0.9875 237.87 42.43 276.91 82.10
0 0.9874 237.72 241.31 276.83 281.07
8 0.9873 82.16 0.74 121.29 42.50
0 0.9872 159.94 161.76 198.88 201.49
10 0.9871 160.16 42.48 198.69 82.16
0 0.9868 121.24 241.32 159.98 281.11
6 0.9868 43.25 42.35 82.30 82.10
6 0.9868 276.83 42.34 318.46 82.19
0 0.9867 43.33 241.36 82.20 281.15
6 0.9864 198.67 42.42 237.89 82.18
9 0.9864 276.93 1.58 318.45 42.36
2 0.9864 82.18 281.06 121.17 319.99
3 0.9863 276.79 281.05 318.60 319.94
0 0.9861 82.17 241.25 121.24 281.05
2 0.9861 198.70 280.99 237.98 319.97
0 0.9861 1.50 241.30 43.40 281.23
6 0.9861 121.22 42.30 160.15 82.20
4 0.9853 121.10 281.11 160.17 320.00
1 0.9839 43.18 281.04 82.27 320.00
3 0.9837 1.30 281.22 43.22 320.00
1 0.9826 238.00 281.01 276.82 319.98
