7 0.9920 160.12 201.56 198.85 241.27
7 0.9909 238.17 1.46 277.44 42.40
0 0.9886 277.10 241.30 317.80 281.15
0 0.9882 198.87 161.78 237.97 201.53
8 0.9879 121.42 42.24 160.09 82.09
0 0.9872 237.99 241.25 277.16 281.13
3 0.9871 277.04 281.14 317.81 319.99
2 0.9870 198.71 281.02 238.09 320.00
0 0.9870 43.35 241.32 82.31 281.15
6 0.9870 2.27 42.42 43.32 82.14
9 0.9869 2.21 2.12 43.20 42.40
6 0.9865 238.19 42.38 277.32 82.16
0 0.9862 160.05 241.24 198.90 281.18
0 0.9862 1.66 241.23 43.44 281.16
6 0.9861 277.20 42.28 317.31 82.13
6 0.9860 43.22 42.22 82.38 82.12
6 0.9857 198.82 42.29 238.24 82.14
11 0.9857 121.34 1.17 160.11 42.25
6 0.9851 121.32 121.84 160.16 161.82
1 0.9848 82.35 201.55 121.35 241.21
0 0.9846 82.26 241.23 121.37 281.14
9 0.9843 277.40 1.71 317.16 42.27
3 0.9836 1.81 281.19 43.22 320.00
5 0.9834 160.30 281.13 198.85 320.00
1 0.9820 238.11 281.14 277.09 319.98
