7 0.9907 238.01 1.46 277.34 42.41
7 0.9898 43.44 1.45 82.33 42.22
8 0.9892 198.83 1.25 238.02 42.33
0 0.9884 277.09 241.30 317.77 281.16
0 0.9881 198.81 161.78 237.92 201.55
0 0.9878 82.34 241.21 121.57 281.15
2 0.9873 82.37 281.11 121.56 320.00
3 0.9873 277.06 281.15 317.80 319.99
0 0.9871 237.97 241.26 277.15 281.15
8 0.9868 82.32 1.28 121.36 42.35
0 0.9867 43.42 241.34 82.32 281.19
6 0.9866 238.01 42.39 277.24 82.17
0 0.9866 121.47 241.35 160.22 281.15
6 0.9864 82.43 42.33 121.47 82.11
6 0.9861 277.09 42.29 317.44 82.14
2 0.9860 198.80 281.05 238.13 320.00
6 0.9859 198.75 42.32 238.04 82.15
6 0.9854 121.33 42.21 160.32 82.15
5 0.9854 198.88 241.31 237.96 281.09
9 0.9851 277.29 1.71 317.36 42.27
11 0.9849 160.19 0.99 199.00 42.37
1 0.9847 43.23 281.13 82.40 319.99
4 0.9838 2.33 281.21 43.27 319.97
1 0.9828 238.12 281.15 277.12 319.98
