7 0.9922 43.41 201.49 82.36 241.34
7 0.9901 238.07 1.60 277.24 42.37
0 0.9873 43.41 241.32 82.35 281.16
0 0.9872 277.30 241.29 317.23 281.19
0 0.9872 198.94 241.33 238.10 281.17
8 0.9870 277.12 82.13 317.11 121.91
1 0.9870 43.39 42.19 82.40 82.08
6 0.9865 2.34 42.37 43.47 82.10
0 0.9863 238.06 241.24 277.37 281.14
0 0.9853 160.25 201.57 199.10 241.22
11 0.9849 160.20 1.21 198.94 42.35
10 0.9848 277.26 281.18 316.77 320.00
6 0.9847 277.10 42.20 317.22 82.09
6 0.9845 121.36 121.84 160.26 161.79
5 0.9827 121.52 241.31 160.23 281.13
