8 0.9896 277.23 281.10 317.58 320.00
0 0.9871 198.85 241.35 238.15 281.21
7 0.9869 2.27 281.32 43.10 320.00
0 0.9869 277.38 241.28 317.23 281.10
0 0.9868 43.22 241.34 82.14 281.19
0 0.9866 238.01 121.97 277.00 161.70
0 0.9865 2.01 241.18 43.21 281.26
6 0.9863 238.04 42.38 277.19 82.16
6 0.9859 277.04 42.28 317.50 82.12
0 0.9857 159.89 241.25 198.99 281.22
11 0.9857 160.30 42.36 198.74 82.07
6 0.9856 198.60 42.26 238.16 82.15
6 0.9854 2.29 42.35 43.43 82.12
9 0.9842 277.23 1.83 317.41 42.26
5 0.9830 121.37 241.33 159.96 281.16
