2 0.9879 82.36 281.14 121.47 320.00
0 0.9875 199.05 241.32 238.22 281.15
0 0.9874 160.28 82.14 199.15 122.04
9 0.9872 2.23 2.10 43.15 42.40
6 0.9870 238.27 42.41 277.44 82.14
0 0.9868 43.35 241.36 82.30 281.19
6 0.9868 160.42 42.35 199.21 82.17
11 0.9867 121.70 82.10 160.32 121.87
1 0.9866 43.18 281.14 82.38 319.99
0 0.9866 238.20 241.24 277.53 281.13
3 0.9865 160.20 161.76 199.19 201.56
6 0.9865 2.31 42.42 43.31 82.14
0 0.9864 121.45 241.35 160.25 281.16
6 0.9864 82.48 42.35 121.62 82.10
0 0.9860 1.68 241.25 43.44 281.17
6 0.9858 43.21 42.23 82.52 82.14
8 0.9858 199.11 1.19 238.24 42.27
3 0.9858 1.77 281.20 43.22 320.00
6 0.9857 277.30 42.30 317.08 82.12
0 0.9857 277.49 241.29 317.08 281.07
9 0.9833 277.48 1.70 316.97 42.27
5 0.9788 121.44 201.48 160.32 241.33
