7 0.9918 43.22 1.47 82.22 42.28
7 0.9892 198.93 82.17 237.92 121.85
8 0.9891 199.00 1.06 238.08 42.33
0 0.9885 277.06 241.29 317.75 281.14
0 0.9880 121.33 161.82 160.16 201.56
0 0.9879 198.71 241.33 237.99 281.06
6 0.9878 121.32 121.87 160.17 161.82
0 0.9875 237.94 241.24 277.11 281.13
9 0.9875 2.09 2.17 43.23 42.41
6 0.9872 160.20 42.36 199.06 82.14
3 0.9871 277.01 281.14 317.75 319.99
6 0.9870 2.17 42.43 43.32 82.14
0 0.9870 43.34 241.35 82.24 281.18
6 0.9869 238.08 42.43 277.22 82.17
0 0.9867 159.98 241.23 198.89 281.17
0 0.9863 1.72 241.24 43.42 281.16
6 0.9863 43.24 42.22 82.36 82.12
6 0.9861 277.08 42.32 317.40 82.14
6 0.9860 198.90 42.33 238.10 82.20
2 0.9858 198.69 281.01 238.05 320.00
3 0.9857 1.75 281.19 43.21 320.00
11 0.9850 121.30 1.07 160.13 42.30
5 0.9845 160.24 281.15 198.81 320.00
1 0.9845 43.16 281.14 82.23 320.00
8 0.9841 121.17 281.05 160.30 320.00
9 0.9840 277.32 1.60 317.18 42.29
1 0.9817 238.07 281.14 277.07 319.98
