7 0.9880 277.16 281.16 316.89 320.00
0 0.9875 277.33 241.26 317.28 281.14
0 0.9871 43.37 241.32 82.34 281.17
0 0.9869 238.16 241.22 277.39 281.14
6 0.9868 121.36 201.50 160.28 241.25
9 0.9865 121.62 2.11 160.28 42.28
6 0.9862 238.08 42.37 277.22 82.14
6 0.9862 82.43 42.34 121.59 82.08
0 0.9861 1.62 241.23 43.46 281.17
11 0.9859 160.28 42.36 198.82 82.07
6 0.9858 198.69 42.25 238.14 82.15
6 0.9856 277.08 42.26 317.42 82.11
6 0.9855 2.24 42.38 43.36 82.11
0 0.9853 82.35 161.64 121.50 201.54
3 0.9841 1.76 281.19 43.25 320.00
5 0.9839 160.18 241.15 199.02 281.15
1 0.9834 238.23 281.16 277.25 319.97
