7 0.9917 43.22 1.39 82.23 42.29
7 0.9907 237.98 1.38 277.37 42.41
8 0.9892 198.79 1.17 237.98 42.34
0 0.9886 277.29 241.30 317.55 281.15
0 0.9882 82.38 241.21 121.51 281.15
10 0.9879 121.40 1.81 160.11 42.31
2 0.9876 43.28 121.72 82.39 161.78
0 0.9873 198.88 241.33 238.03 281.15
0 0.9872 121.44 241.36 160.23 281.11
2 0.9872 82.40 281.10 121.48 320.00
9 0.9872 2.12 2.09 43.23 42.41
0 0.9870 238.03 241.25 277.33 281.13
0 0.9870 43.37 241.34 82.36 281.17
6 0.9868 160.26 122.00 198.97 161.74
6 0.9868 238.02 42.39 277.29 82.17
6 0.9867 2.21 42.43 43.31 82.15
0 0.9865 1.61 241.25 43.46 281.16
0 0.9863 121.36 121.88 160.25 161.76
6 0.9863 43.18 42.23 82.35 82.14
6 0.9862 277.16 42.29 317.38 82.14
6 0.9859 198.75 42.33 238.04 82.14
3 0.9858 1.59 281.19 43.27 320.00
3 0.9857 277.28 281.15 317.71 320.00
6 0.9854 82.32 82.06 121.56 122.02
1 0.9853 43.22 281.13 82.42 319.99
11 0.9851 160.05 1.07 198.95 42.37
9 0.9848 277.31 1.66 317.26 42.27
5 0.9844 160.46 281.16 198.97 320.00
8 0.9842 121.41 281.07 160.52 320.00
