7 0.9915 43.23 1.62 82.30 42.25
7 0.9900 238.13 1.68 277.42 42.35
2 0.9893 277.27 1.02 317.02 42.21
0 0.9885 277.03 241.29 317.89 281.14
0 0.9880 82.36 121.95 121.36 161.70
9 0.9880 2.13 2.26 43.24 42.38
8 0.9879 82.29 1.46 121.31 42.33
0 0.9876 198.74 241.33 237.95 281.03
0 0.9875 160.03 161.71 199.00 201.57
0 0.9873 237.90 241.24 277.08 281.12
3 0.9871 276.96 281.14 317.87 319.99
6 0.9868 160.26 121.97 199.04 161.74
6 0.9863 2.19 42.40 43.35 82.13
6 0.9863 82.46 42.29 121.45 82.11
2 0.9862 198.70 280.99 238.00 320.00
0 0.9861 1.73 241.23 43.47 281.15
11 0.9861 160.31 42.34 198.95 82.09
6 0.9859 43.27 42.18 82.48 82.12
6 0.9859 198.85 42.22 238.27 82.15
3 0.9855 1.84 281.18 43.22 320.00
6 0.9855 277.24 42.17 317.07 82.06
0 0.9851 82.23 241.18 121.39 281.18
1 0.9845 43.16 281.12 82.25 320.00
5 0.9833 160.34 281.14 198.81 320.00
1 0.9821 238.02 281.13 277.02 319.97
