7 0.9913 238.21 1.70 277.34 42.37
7 0.9895 82.64 82.11 121.55 121.98
0 0.9880 82.25 241.16 121.40 281.15
3 0.9879 276.77 281.11 318.86 320.00
0 0.9876 198.62 241.33 237.81 281.05
0 0.9873 237.76 241.25 276.84 281.13
0 0.9873 277.12 161.75 317.45 201.48
9 0.9870 2.18 2.17 43.22 42.39
6 0.9868 2.25 42.41 43.35 82.14
6 0.9867 160.28 122.00 198.96 161.77
2 0.9867 82.30 281.12 121.42 320.00
6 0.9864 82.63 42.37 121.51 82.15
6 0.9863 238.26 42.33 277.24 82.16
0 0.9863 121.20 201.52 160.09 241.26
6 0.9862 277.07 121.91 317.32 161.71
6 0.9861 43.26 42.22 82.61 82.14
11 0.9860 160.32 42.36 198.89 82.12
6 0.9856 160.07 161.73 198.91 201.58
2 0.9853 198.58 281.01 237.88 320.00
0 0.9852 1.78 161.68 43.46 201.54
9 0.9843 277.32 1.87 317.59 42.22
5 0.9831 160.26 281.15 198.71 320.00
1 0.9821 237.91 281.14 276.80 319.97
8 0.9816 1.37 281.30 43.32 320.00
