4 0.9872 105.26 82.42 147.18 136.43
1 0.9760 233.19 278.98 305.83 320.00
1 0.9758 94.59 8.23 157.29 83.20
1 0.9731 17.51 0.00 83.02 44.75
1 0.9728 84.56 2.30 147.86 67.59
1 0.9727 114.49 284.27 173.93 319.98
1 0.9724 265.72 0.04 318.43 56.65
5 0.9694 257.64 147.38 319.63 222.77
5 0.9658 213.85 196.33 269.94 255.58
1 0.9658 164.28 87.84 219.79 150.47
1 0.9605 153.80 35.70 208.11 99.94
1 0.9591 144.35 1.42 192.84 48.46
5 0.9556 1.55 166.67 53.27 213.83
1 0.9494 111.21 269.18 173.21 319.99
1 0.9464 136.33 81.61 181.92 141.65
1 0.9457 103.35 31.22 156.16 90.69
5 0.9321 254.90 240.75 314.27 288.50
4 0.9180 94.30 82.06 143.76 143.01
1 0.9020 57.73 305.90 114.81 319.95
