0 0.9879 82.34 241.20 121.40 281.15
0 0.9876 238.16 161.65 277.36 201.58
0 0.9870 43.37 241.33 82.33 281.19
3 0.9870 2.32 2.13 43.25 42.36
6 0.9868 2.26 42.37 43.35 82.13
2 0.9868 82.37 281.11 121.42 320.00
0 0.9867 238.24 241.23 277.53 281.17
0 0.9864 1.54 241.24 43.46 281.17
6 0.9862 238.24 42.35 277.21 82.15
11 0.9862 121.55 42.22 160.27 82.09
3 0.9861 1.53 281.19 43.27 320.00
6 0.9860 160.25 42.32 199.06 82.15
6 0.9859 43.25 42.19 82.49 82.13
1 0.9858 43.24 281.14 82.40 319.99
1 0.9858 160.21 241.22 199.16 281.17
0 0.9857 277.49 241.26 317.08 281.07
6 0.9857 277.09 42.26 317.29 82.12
6 0.9854 82.48 121.94 121.50 161.74
6 0.9847 121.42 121.82 160.27 161.81
5 0.9835 160.53 281.15 199.12 320.00
