7 0.9901 160.28 42.33 198.84 82.11
0 0.9882 277.02 241.30 317.87 281.17
0 0.9877 121.53 82.11 160.31 121.89
3 0.9874 276.99 281.16 317.87 320.00
6 0.9871 160.27 121.99 198.95 161.73
0 0.9871 237.84 241.24 277.08 281.16
0 0.9871 198.67 241.32 237.83 281.16
6 0.9867 238.18 42.40 277.35 82.15
2 0.9867 2.40 1.13 43.37 42.26
6 0.9864 2.57 42.26 43.39 82.10
6 0.9862 198.73 42.28 238.18 82.15
6 0.9858 277.20 42.29 317.30 82.12
11 0.9850 121.50 1.21 160.22 42.21
1 0.9847 42.98 281.13 82.19 320.00
0 0.9845 2.19 241.23 43.30 281.21
8 0.9840 2.04 281.31 43.04 320.00
9 0.9838 277.40 1.76 317.18 42.27
1 0.9835 238.01 281.17 277.06 319.99
5 0.9823 121.45 241.28 159.95 281.14
