7 0.9895 82.55 82.11 121.52 121.99
7 0.9893 198.89 82.17 237.92 121.86
8 0.9890 198.82 1.07 237.96 42.32
0 0.9885 277.22 241.31 317.28 281.13
10 0.9885 121.28 1.77 160.08 42.32
0 0.9881 198.95 161.78 237.98 201.54
0 0.9881 82.28 241.20 121.35 281.13
2 0.9875 198.81 281.00 238.15 320.00
8 0.9875 82.23 1.15 121.35 42.37
0 0.9873 121.40 161.84 160.17 201.57
6 0.9872 2.15 42.43 43.32 82.15
0 0.9871 43.41 241.33 82.28 281.17
6 0.9870 237.99 42.42 277.22 82.17
0 0.9869 238.03 241.25 277.27 281.11
2 0.9869 82.32 281.09 121.35 320.00
6 0.9869 82.48 42.37 121.45 82.16
6 0.9868 160.13 42.36 198.86 82.15
0 0.9865 160.09 241.24 198.98 281.20
6 0.9863 43.22 42.23 82.47 82.15
9 0.9863 2.08 2.01 43.20 42.41
6 0.9862 277.09 42.32 317.47 82.14
0 0.9861 1.61 161.72 43.48 201.58
6 0.9860 121.28 42.27 160.21 82.13
6 0.9860 198.74 42.32 238.02 82.20
3 0.9857 1.16 281.17 43.27 320.00
3 0.9854 277.20 281.14 317.71 320.00
11 0.9853 160.01 1.07 198.99 42.38
1 0.9850 43.24 281.12 82.35 319.99
1 0.9850 277.16 201.49 317.73 241.29
9 0.9843 277.27 1.57 317.23 42.29
5 0.9841 160.35 281.20 198.95 320.00
4 0.9840 121.33 281.09 160.45 320.00
