7 0.9916 43.25 1.34 82.28 42.29
8 0.9889 199.07 1.12 238.18 42.33
0 0.9885 277.13 241.30 317.79 281.15
7 0.9885 277.05 82.19 317.70 121.93
0 0.9884 198.97 161.81 238.09 201.54
9 0.9874 2.10 2.09 43.26 42.42
0 0.9872 237.98 241.25 277.18 281.13
3 0.9870 277.08 281.14 317.81 319.99
0 0.9870 43.37 241.32 82.32 281.15
6 0.9870 238.19 42.43 277.42 82.16
2 0.9869 198.69 281.00 238.09 320.00
3 0.9867 121.27 281.15 160.27 320.00
6 0.9867 2.08 42.42 43.42 82.10
0 0.9864 121.37 121.88 160.26 161.76
0 0.9864 160.19 122.02 199.06 161.72
6 0.9863 82.46 42.35 121.52 82.10
6 0.9861 43.27 42.22 82.48 82.13
0 0.9860 1.56 241.24 43.48 281.18
6 0.9859 277.27 42.32 317.23 82.17
6 0.9857 199.00 42.32 238.26 82.14
11 0.9850 121.43 0.99 160.25 42.23
1 0.9847 82.36 201.55 121.41 241.22
0 0.9846 82.26 241.20 121.45 281.17
9 0.9841 277.46 1.62 317.19 42.29
5 0.9840 160.21 281.17 198.82 320.00
1 0.9823 238.11 281.14 277.14 319.97
