7 0.9906 238.27 1.60 277.47 42.39
8 0.9895 199.12 1.41 238.29 42.30
0 0.9882 277.03 241.29 317.77 281.15
0 0.9874 198.79 241.27 237.93 281.03
1 0.9872 198.84 201.56 237.86 241.29
0 0.9872 121.38 161.81 160.20 201.54
0 0.9867 237.88 241.21 277.08 281.10
6 0.9865 238.31 42.37 277.38 82.14
6 0.9865 160.34 42.32 199.20 82.13
11 0.9863 121.50 42.21 160.35 82.09
2 0.9862 198.81 281.04 238.03 320.00
6 0.9860 2.38 42.38 43.28 82.13
9 0.9859 1.38 281.19 43.30 320.00
3 0.9858 277.01 281.15 317.94 320.00
6 0.9858 199.02 42.30 238.37 82.17
6 0.9857 277.22 42.27 317.18 82.13
6 0.9850 82.31 82.06 121.57 122.01
1 0.9847 43.25 281.08 82.32 320.00
9 0.9844 277.44 1.81 317.07 42.25
5 0.9831 121.29 281.06 160.30 320.00
