7 0.9901 121.53 42.25 160.21 82.14
8 0.9890 199.01 1.47 238.13 42.29
7 0.9889 277.16 82.14 317.66 121.90
0 0.9880 277.27 241.27 317.68 281.15
0 0.9871 198.85 241.32 238.02 281.17
0 0.9869 43.30 241.31 82.27 281.16
2 0.9864 2.52 1.21 43.21 42.22
0 0.9864 160.22 122.00 199.14 161.67
6 0.9863 82.30 42.34 121.54 82.09
0 0.9862 121.35 121.86 160.29 161.73
0 0.9861 82.28 201.49 121.50 241.17
3 0.9860 277.21 281.16 317.91 320.00
6 0.9857 198.95 42.29 238.26 82.12
6 0.9855 277.27 42.27 317.27 82.11
0 0.9852 1.91 241.22 43.43 281.18
1 0.9851 2.56 42.23 43.23 81.94
11 0.9851 121.59 1.32 160.20 42.33
9 0.9846 277.47 1.87 317.30 42.25
5 0.9827 121.51 241.31 160.10 281.11
