7 0.9890 160.16 161.72 199.00 201.58
0 0.9877 198.85 241.33 238.09 281.05
0 0.9872 238.04 241.24 277.23 281.14
0 0.9872 43.38 241.32 82.35 281.16
3 0.9869 2.37 2.06 43.24 42.36
0 0.9866 238.11 121.99 277.06 161.72
6 0.9865 2.30 42.38 43.37 82.13
6 0.9863 82.46 42.32 121.51 82.11
0 0.9863 1.53 241.24 43.47 281.17
6 0.9863 238.19 42.33 277.17 82.17
1 0.9860 121.48 121.89 160.24 161.76
11 0.9859 160.30 42.35 198.91 82.10
2 0.9859 198.79 281.01 238.14 320.00
6 0.9857 43.28 42.20 82.49 82.12
0 0.9850 82.32 241.19 121.44 281.20
3 0.9840 1.63 281.19 43.27 320.00
5 0.9834 160.36 281.16 198.90 320.00
1 0.9817 238.09 281.14 277.06 319.97
