7 0.9893 121.41 241.23 160.15 281.13
0 0.9884 277.21 241.29 317.60 281.14
0 0.9875 238.04 241.24 277.26 281.15
0 0.9873 198.83 241.33 238.04 281.16
9 0.9871 2.16 2.08 43.20 42.40
0 0.9870 43.34 241.32 82.26 281.15
3 0.9869 277.17 281.14 317.61 319.99
6 0.9867 238.20 42.42 277.37 82.15
6 0.9867 2.20 42.41 43.38 82.13
8 0.9867 82.07 1.08 121.34 42.38
6 0.9864 121.44 161.79 160.17 201.57
0 0.9862 1.69 241.23 43.43 281.15
0 0.9861 160.01 241.24 198.91 281.14
6 0.9859 277.20 42.30 317.22 82.13
6 0.9857 198.85 42.29 238.28 82.14
0 0.9851 82.20 241.20 121.45 281.18
6 0.9851 82.47 82.07 121.65 122.04
11 0.9851 121.32 1.06 160.10 42.28
3 0.9838 1.80 281.18 43.20 320.00
9 0.9836 277.44 1.69 317.08 42.28
5 0.9832 160.26 281.15 198.94 320.00
1 0.9830 238.18 281.16 277.23 319.98
