7 0.9897 276.85 82.18 318.05 121.93
7 0.9896 82.53 82.12 121.53 122.00
0 0.9873 198.98 241.36 238.18 281.17
0 0.9871 43.36 241.35 82.21 281.22
0 0.9870 277.38 241.28 317.16 281.09
8 0.9868 277.20 281.09 317.22 320.00
11 0.9868 82.55 42.33 121.52 82.16
3 0.9866 198.78 1.87 237.86 42.31
6 0.9863 2.33 122.07 43.36 161.76
6 0.9861 237.95 42.39 277.08 82.17
0 0.9859 160.04 241.25 199.11 281.21
6 0.9859 198.69 42.28 238.03 82.15
0 0.9857 2.21 161.78 43.41 201.65
2 0.9854 198.83 281.12 238.24 320.00
6 0.9852 43.28 42.20 82.51 82.15
1 0.9850 43.31 281.18 82.28 320.00
0 0.9848 82.21 241.24 121.52 281.18
5 0.9828 121.45 241.34 160.11 281.16
1 0.9819 238.15 281.19 277.27 319.95
