7 0.9915 43.20 1.27 82.27 42.30
8 0.9890 198.81 1.04 237.96 42.33
0 0.9885 277.10 241.29 317.66 281.14
10 0.9884 121.25 1.71 160.09 42.29
7 0.9882 121.31 281.16 160.33 320.00
0 0.9879 121.34 161.83 160.16 201.57
6 0.9877 121.33 121.87 160.17 161.83
2 0.9873 82.32 281.15 121.38 320.00
0 0.9872 237.96 241.26 277.15 281.13
0 0.9871 43.35 241.35 82.29 281.15
3 0.9870 277.05 281.14 317.67 319.99
9 0.9870 2.10 2.04 43.20 42.42
6 0.9869 238.00 42.42 277.28 82.16
6 0.9869 160.15 42.36 198.86 82.12
2 0.9869 198.67 281.01 238.07 320.00
6 0.9868 2.18 42.44 43.30 82.14
0 0.9866 160.00 241.24 198.88 281.18
0 0.9864 1.62 241.24 43.43 281.15
0 0.9864 198.72 201.57 238.00 241.31
6 0.9864 43.17 42.24 82.34 82.15
6 0.9861 198.74 42.33 238.03 82.17
6 0.9861 277.16 42.32 317.30 82.13
8 0.9856 82.11 0.90 121.31 42.39
0 0.9855 82.28 161.68 121.41 201.59
6 0.9854 82.30 82.06 121.50 122.02
11 0.9852 160.03 1.02 198.98 42.39
9 0.9842 277.31 1.58 317.17 42.29
5 0.9842 160.24 281.16 198.82 320.00
3 0.9839 1.74 281.18 43.20 320.00
1 0.9819 238.09 281.14 277.10 319.98
