7 0.9894 82.50 82.11 121.56 121.97
3 0.9893 277.17 82.14 317.51 121.88
8 0.9887 82.20 201.57 121.33 241.20
0 0.9879 121.32 161.80 160.15 201.53
1 0.9875 198.89 201.54 238.01 241.29
9 0.9871 121.56 2.27 159.95 42.21
6 0.9871 121.34 121.86 160.16 161.81
0 0.9868 198.87 241.27 238.02 281.17
11 0.9862 121.51 42.22 160.01 82.10
6 0.9861 82.48 42.35 121.58 82.15
0 0.9859 160.11 122.01 198.99 161.71
6 0.9859 2.24 42.41 43.31 82.13
6 0.9857 43.21 42.21 82.47 82.13
0 0.9857 277.21 121.93 317.22 161.65
6 0.9857 198.68 42.25 238.08 82.14
0 0.9854 277.40 241.26 317.23 281.08
0 0.9849 1.95 241.21 43.38 281.18
0 0.9848 82.14 241.20 121.35 281.20
5 0.9834 160.10 241.14 199.00 281.13
