7 0.9915 43.24 1.31 82.31 42.29
8 0.9891 198.91 1.12 238.05 42.32
0 0.9884 277.16 241.30 317.59 281.14
10 0.9884 121.30 1.75 160.16 42.27
7 0.9881 198.67 281.15 238.09 320.00
0 0.9881 198.88 161.78 237.99 201.53
0 0.9879 82.31 241.20 121.41 281.14
8 0.9876 82.28 1.12 121.39 42.37
0 0.9874 237.99 241.25 277.21 281.14
9 0.9872 2.03 2.08 43.25 42.42
3 0.9871 277.10 281.14 317.62 319.99
2 0.9870 82.34 281.10 121.41 320.00
6 0.9869 2.04 42.44 43.34 82.14
6 0.9869 121.42 161.77 160.21 201.56
0 0.9869 43.36 241.33 82.30 281.17
6 0.9869 238.05 42.43 277.31 82.14
6 0.9868 160.21 42.35 198.95 82.11
6 0.9866 82.46 42.32 121.46 82.10
0 0.9865 1.61 241.24 43.45 281.16
6 0.9863 43.27 42.22 82.47 82.13
0 0.9862 121.33 201.53 160.21 241.28
6 0.9861 198.82 42.32 238.10 82.17
6 0.9860 277.14 42.31 317.30 82.13
3 0.9858 1.64 281.19 43.25 320.00
1 0.9855 43.22 281.13 82.37 319.99
11 0.9852 160.10 1.09 199.08 42.38
9 0.9842 277.36 1.62 317.12 42.28
1 0.9839 238.13 281.15 277.16 319.98
5 0.9838 160.37 281.15 198.79 320.00
