7 0.9930 237.72 1.44 276.99 42.51
7 0.9895 82.30 82.20 121.37 122.01
8 0.9892 198.70 0.56 237.81 42.43
5 0.9889 160.09 281.19 198.82 320.00
0 0.9888 276.84 241.37 319.14 281.09
11 0.9884 159.93 0.94 198.91 42.48
0 0.9883 198.76 241.34 237.69 281.07
6 0.9883 1.49 42.49 43.30 82.13
6 0.9875 237.84 42.44 276.90 82.10
0 0.9874 237.71 241.31 276.83 281.07
6 0.9872 82.27 42.46 121.30 82.23
9 0.9872 1.27 1.72 43.25 42.51
10 0.9872 121.22 1.65 159.98 42.42
8 0.9869 82.12 0.75 121.32 42.50
6 0.9868 276.82 42.35 318.54 82.19
6 0.9868 160.09 42.34 198.61 82.12
0 0.9868 121.23 241.32 159.97 281.11
0 0.9867 43.32 241.36 82.20 281.15
6 0.9867 198.59 42.37 237.91 82.21
0 0.9866 159.91 161.78 198.84 201.49
6 0.9865 43.18 42.32 82.27 82.12
2 0.9864 82.18 281.06 121.17 319.99
3 0.9863 276.79 281.05 318.61 319.94
9 0.9862 276.92 1.53 318.49 42.37
0 0.9862 1.49 241.30 43.39 281.23
0 0.9861 82.17 241.24 121.24 281.05
2 0.9861 198.69 280.99 237.98 319.98
6 0.9858 121.27 121.94 160.01 161.81
4 0.9853 121.10 281.11 160.16 320.00
1 0.9839 43.17 281.05 82.27 320.00
3 0.9837 1.31 281.22 43.21 320.00
1 0.9826 237.99 281.01 276.81 319.98
