7 0.9908 238.13 1.51 277.41 42.39
7 0.9896 43.06 1.73 82.00 42.17
8 0.9895 198.93 1.27 238.14 42.31
0 0.9886 277.02 241.29 317.91 281.15
4 0.9884 2.68 2.01 43.06 42.27
0 0.9876 198.74 241.33 237.95 281.04
6 0.9874 160.11 42.34 199.00 82.12
0 0.9874 237.90 241.24 277.07 281.13
0 0.9873 121.40 161.82 160.20 201.55
3 0.9872 276.98 281.14 317.90 320.00
0 0.9872 43.37 241.34 82.33 281.18
6 0.9866 238.16 42.38 277.32 82.13
6 0.9865 2.51 42.31 43.27 82.09
0 0.9864 1.58 241.24 43.46 281.16
6 0.9861 198.85 42.31 238.19 82.17
6 0.9860 277.16 42.27 317.33 82.13
3 0.9860 1.61 281.19 43.26 320.00
2 0.9857 198.69 280.99 238.02 320.00
11 0.9850 121.27 1.21 160.05 42.27
9 0.9850 277.37 1.77 317.22 42.25
1 0.9846 43.22 281.13 82.33 320.00
5 0.9845 160.35 281.12 198.81 320.00
8 0.9842 121.27 281.04 160.41 320.00
1 0.9820 238.05 281.13 277.04 319.98
