7 0.9907 238.12 1.41 277.41 42.41
8 0.9894 198.93 1.19 238.13 42.33
0 0.9886 277.03 241.29 317.90 281.15
9 0.9879 2.05 2.18 43.30 42.37
0 0.9877 198.77 241.33 238.02 281.05
4 0.9876 43.17 1.56 82.23 42.23
0 0.9875 237.96 241.24 277.08 281.13
3 0.9872 276.99 281.14 317.91 319.99
6 0.9871 2.12 42.39 43.38 82.13
2 0.9870 82.29 281.11 121.37 320.00
6 0.9868 160.23 42.36 198.97 82.12
6 0.9867 238.16 42.39 277.33 82.15
0 0.9866 159.98 241.24 198.94 281.15
6 0.9866 43.26 42.19 82.46 82.12
0 0.9866 1.59 241.25 43.50 281.16
2 0.9862 198.77 281.00 238.08 320.00
6 0.9860 198.85 42.32 238.18 82.18
6 0.9860 277.17 42.29 317.34 82.14
3 0.9859 1.73 281.18 43.22 320.00
8 0.9859 82.19 1.13 121.24 42.38
1 0.9852 43.16 281.11 82.31 319.99
11 0.9852 160.12 0.98 199.08 42.38
9 0.9848 277.36 1.67 317.21 42.27
5 0.9825 121.26 281.07 160.12 320.00
1 0.9818 238.10 281.14 277.04 319.97
