1 0.9892 123.96 235.93 160.23 273.23
5 0.9882 51.32 237.09 87.84 273.34
1 0.9845 87.93 88.32 124.22 125.22
0 0.9837 196.70 236.04 232.99 273.11
1 0.9831 51.68 125.34 88.09 161.74
1 0.9811 232.94 87.84 268.97 124.67
1 0.9795 51.58 199.68 88.40 237.40
1 0.9773 123.32 199.45 159.95 236.02
5 0.9714 124.30 50.76 160.23 88.03
5 0.9709 8.19 236.00 51.68 272.91
1 0.9617 160.32 236.28 196.66 272.97
6 0.9327 196.18 88.30 232.82 125.00
1 0.9325 51.66 50.45 88.01 88.36
10 0.9004 268.88 310.16 311.56 320.00
