7 0.9906 238.17 1.56 277.45 42.43
8 0.9894 199.06 1.46 238.23 42.30
0 0.9874 198.98 241.33 238.12 281.15
0 0.9872 121.53 161.80 160.35 201.53
0 0.9870 43.38 241.34 82.38 281.20
0 0.9870 277.41 241.26 317.08 281.06
6 0.9865 160.32 42.32 199.15 82.12
6 0.9865 238.26 42.37 277.35 82.13
11 0.9864 121.51 42.20 160.32 82.08
0 0.9863 1.54 241.24 43.47 281.17
6 0.9862 2.21 42.37 43.41 82.12
3 0.9861 1.57 281.19 43.27 320.00
6 0.9858 277.20 42.27 317.26 82.12
6 0.9858 198.96 42.29 238.33 82.17
1 0.9855 43.24 281.14 82.40 320.00
8 0.9846 277.23 281.08 317.31 319.97
9 0.9845 277.40 1.82 317.17 42.25
5 0.9835 160.40 281.15 198.94 320.00
1 0.9828 238.15 281.17 277.29 319.94
