7 0.9902 238.11 1.50 277.41 42.39
7 0.9899 43.37 1.56 82.39 42.23
2 0.9886 277.27 0.85 317.01 42.22
0 0.9880 277.20 241.27 317.27 281.13
1 0.9876 121.50 241.27 160.19 281.19
0 0.9871 121.49 161.81 160.34 201.55
6 0.9871 160.40 121.99 199.03 161.73
6 0.9870 198.97 82.13 238.03 121.93
9 0.9868 1.97 2.09 43.38 42.37
0 0.9868 43.32 241.31 82.24 281.15
6 0.9865 82.62 42.34 121.58 82.10
8 0.9863 199.00 1.40 238.14 42.25
3 0.9857 277.16 281.14 317.69 320.00
1 0.9857 277.11 201.47 317.80 241.27
6 0.9855 277.22 42.19 317.07 82.07
0 0.9853 1.89 241.22 43.44 281.18
0 0.9849 82.20 241.19 121.55 281.20
11 0.9849 160.34 1.08 199.15 42.35
5 0.9843 160.12 241.13 198.90 281.06
