7 0.9908 238.05 1.36 277.40 42.41
8 0.9895 198.85 1.13 238.05 42.33
0 0.9888 277.04 241.30 317.87 281.14
10 0.9884 121.26 1.77 160.07 42.27
6 0.9883 82.35 42.36 121.42 82.10
0 0.9882 82.26 241.19 121.37 281.13
0 0.9880 198.77 241.34 237.95 281.03
0 0.9877 82.33 82.10 121.47 121.99
0 0.9876 237.90 241.25 277.09 281.12
8 0.9876 82.20 1.16 121.34 42.37
0 0.9871 121.32 241.35 160.10 281.12
6 0.9871 2.22 42.43 43.30 82.14
3 0.9871 276.99 281.14 317.86 319.99
0 0.9870 159.99 161.71 198.96 201.60
6 0.9869 160.14 42.36 198.90 82.12
6 0.9869 238.08 42.39 277.31 82.17
2 0.9867 82.28 281.09 121.34 320.00
0 0.9866 1.63 241.24 43.48 281.15
9 0.9863 2.16 2.03 43.16 42.41
2 0.9862 198.74 280.99 238.01 320.00
6 0.9862 277.19 42.29 317.33 82.14
6 0.9861 198.78 42.33 238.10 82.18
6 0.9861 43.20 42.22 82.36 82.12
3 0.9856 1.74 281.18 43.22 320.00
11 0.9853 160.01 1.06 199.01 42.38
6 0.9853 121.30 121.86 160.11 161.81
9 0.9848 277.35 1.65 317.18 42.27
1 0.9848 43.17 281.11 82.31 319.99
5 0.9845 160.23 281.20 198.85 320.00
4 0.9843 121.29 281.08 160.32 320.00
1 0.9818 237.98 281.13 277.01 319.95
