7 0.9916 43.23 1.50 82.25 42.28
7 0.9907 238.14 1.49 277.42 42.40
0 0.9885 277.11 241.29 317.69 281.14
0 0.9882 198.73 201.57 237.93 241.32
9 0.9878 2.16 2.18 43.24 42.40
0 0.9875 198.71 241.29 237.92 281.03
8 0.9874 1.85 122.07 43.41 161.71
6 0.9870 160.19 122.00 198.99 161.75
0 0.9870 43.34 241.32 82.30 281.15
0 0.9868 237.88 241.26 277.16 281.10
11 0.9866 82.39 82.02 121.41 121.96
6 0.9865 2.29 42.42 43.31 82.15
6 0.9864 238.16 42.37 277.32 82.15
6 0.9860 43.18 42.23 82.37 82.13
0 0.9860 1.75 241.23 43.42 281.15
6 0.9860 277.19 42.28 317.30 82.13
2 0.9860 198.74 281.04 238.01 320.00
3 0.9858 277.07 281.15 317.87 320.00
6 0.9856 198.84 42.28 238.20 82.15
0 0.9850 82.28 241.19 121.42 281.19
6 0.9848 121.32 121.87 160.18 161.81
9 0.9840 277.38 1.73 317.13 42.26
3 0.9838 1.90 281.18 43.20 320.00
5 0.9835 160.24 281.14 198.78 320.00
