7 0.9909 238.16 1.51 277.44 42.40
8 0.9895 199.02 1.26 238.18 42.31
0 0.9884 277.22 241.29 317.61 281.14
0 0.9881 82.34 241.20 121.44 281.14
0 0.9879 121.38 161.82 160.20 201.56
2 0.9876 43.25 121.71 82.35 161.78
6 0.9875 121.37 121.87 160.23 161.82
0 0.9875 238.00 241.25 277.27 281.14
2 0.9874 82.36 281.10 121.43 320.00
9 0.9874 2.18 2.14 43.20 42.40
0 0.9874 198.86 241.33 237.99 281.14
0 0.9870 43.34 241.33 82.32 281.14
3 0.9869 277.18 281.14 317.63 319.99
6 0.9866 238.21 42.38 277.36 82.14
1 0.9866 43.13 1.12 82.13 42.28
6 0.9865 2.29 42.42 43.28 82.14
11 0.9865 121.41 42.22 160.24 82.12
6 0.9864 160.23 42.34 199.11 82.14
0 0.9863 1.70 241.24 43.43 281.15
0 0.9862 160.18 122.02 199.05 161.71
6 0.9861 43.18 42.21 82.36 82.13
6 0.9861 82.32 42.33 121.48 82.12
6 0.9861 277.20 42.28 317.25 82.13
6 0.9860 198.93 42.31 238.26 82.18
5 0.9846 160.41 281.13 198.93 320.00
9 0.9845 277.40 1.75 317.08 42.26
3 0.9838 1.76 281.18 43.21 320.00
8 0.9838 121.37 281.05 160.47 320.00
1 0.9826 238.16 281.15 277.24 319.98
