1 0.9834 69.99 268.80 124.35 320.00
5 0.9768 161.61 266.91 209.27 320.00
1 0.9764 75.35 217.17 125.10 277.80
1 0.9687 72.58 137.31 132.09 203.23
5 0.9684 163.17 279.67 213.77 319.98
4 0.9681 64.18 65.02 121.35 131.74
7 0.9659 232.54 153.18 276.00 211.99
1 0.9557 71.81 148.09 130.05 214.02
5 0.9551 0.75 269.83 42.36 319.94
1 0.9475 162.71 179.03 214.94 229.34
1 0.9410 261.81 58.63 318.58 114.57
1 0.9331 0.83 47.44 54.09 113.52
1 0.9288 244.40 239.17 288.83 306.31
4 0.9009 0.00 0.16 25.51 46.03
7 0.9004 231.49 143.27 270.15 205.71
