2 0.9876 43.28 42.10 82.47 82.09
0 0.9876 160.15 161.71 199.06 201.61
0 0.9872 199.02 241.34 238.11 281.18
6 0.9869 160.27 122.00 198.97 161.75
0 0.9866 43.40 241.33 82.34 281.17
6 0.9862 82.53 42.27 121.60 82.10
6 0.9862 238.01 42.35 277.15 82.14
0 0.9862 238.10 241.25 277.41 281.15
11 0.9856 198.80 82.10 237.92 121.88
6 0.9856 277.14 82.10 317.24 121.88
6 0.9854 198.75 42.26 238.09 82.11
0 0.9851 277.36 241.29 317.12 281.10
4 0.9841 121.61 281.13 160.51 320.00
5 0.9814 121.59 241.30 160.27 281.19
