7 0.9904 121.82 1.99 160.45 42.31
7 0.9883 121.52 281.21 160.71 320.00
0 0.9882 82.42 241.22 121.60 281.20
0 0.9880 121.53 241.30 160.50 281.22
0 0.9874 43.41 121.86 82.44 161.76
0 0.9869 43.47 241.34 82.40 281.19
3 0.9869 277.35 2.10 317.55 42.17
0 0.9869 238.20 241.25 277.38 281.16
6 0.9866 160.42 42.29 199.17 82.13
11 0.9862 121.74 42.21 160.46 82.10
6 0.9860 198.97 42.24 238.19 82.17
2 0.9860 82.44 281.16 121.59 320.00
1 0.9858 199.18 1.70 237.96 42.27
6 0.9855 43.35 42.21 82.60 82.12
6 0.9850 82.48 82.07 121.82 122.02
1 0.9849 43.44 281.14 82.47 319.99
6 0.9844 121.58 121.81 160.45 161.80
5 0.9836 160.62 281.20 199.04 320.00
1 0.9832 238.28 281.17 277.26 319.97
