0 0.9879 277.05 241.29 317.66 281.21
2 0.9876 43.32 121.73 82.27 161.71
0 0.9869 237.87 241.23 277.10 281.16
11 0.9860 237.83 42.32 277.07 81.99
8 0.9858 198.95 82.06 237.88 121.90
6 0.9858 82.35 42.31 121.56 82.09
6 0.9853 198.85 42.19 237.91 82.12
1 0.9853 43.26 281.12 82.17 320.00
6 0.9853 277.00 42.24 317.36 82.09
6 0.9852 121.31 121.84 160.19 161.75
6 0.9851 2.55 42.37 43.33 82.07
0 0.9849 2.05 241.21 43.46 281.16
6 0.9847 43.22 42.16 82.38 82.17
0 0.9845 82.10 241.21 121.52 281.19
9 0.9839 277.02 281.20 317.91 319.99
5 0.9821 121.45 241.28 160.04 281.16
