0 0.9876 160.13 161.72 199.04 201.60
9 0.9875 2.24 2.20 43.16 42.38
0 0.9873 199.03 241.33 238.15 281.15
6 0.9865 82.45 42.33 121.50 82.12
6 0.9864 238.13 122.00 277.22 161.74
0 0.9863 238.13 241.25 277.46 281.13
6 0.9862 2.40 42.41 43.29 82.14
2 0.9860 121.40 121.75 160.32 161.77
11 0.9859 160.30 42.35 198.84 82.13
6 0.9858 160.28 121.98 198.96 161.75
6 0.9857 277.18 121.93 317.22 161.76
6 0.9856 43.19 42.22 82.48 82.14
0 0.9848 277.42 241.28 317.05 281.07
0 0.9845 82.45 241.18 121.71 281.21
5 0.9832 121.66 241.24 160.34 281.11
9 0.9831 1.49 281.21 43.24 320.00
