7 0.9915 43.20 1.31 82.18 42.30
8 0.9890 198.79 1.07 237.90 42.34
0 0.9886 277.16 241.27 317.73 281.13
10 0.9881 121.31 1.71 160.10 42.31
0 0.9881 82.31 241.21 121.38 281.14
0 0.9878 198.76 241.33 238.02 281.04
6 0.9876 121.43 82.15 160.13 121.90
2 0.9874 82.34 281.10 121.37 320.00
3 0.9872 277.08 281.14 317.80 319.99
0 0.9872 121.41 161.83 160.18 201.57
9 0.9871 2.12 2.06 43.21 42.42
0 0.9869 43.36 241.34 82.31 281.17
6 0.9869 237.91 42.43 277.20 82.17
6 0.9867 2.20 42.44 43.31 82.15
6 0.9865 82.34 42.36 121.39 82.12
0 0.9865 1.61 241.24 43.45 281.16
6 0.9864 198.82 82.13 237.78 121.97
6 0.9862 43.23 42.24 82.35 82.13
6 0.9861 277.07 42.33 317.45 82.14
6 0.9861 198.70 42.35 237.91 82.12
3 0.9857 1.66 281.19 43.24 320.00
2 0.9857 198.72 281.00 238.08 320.00
1 0.9854 43.20 281.13 82.36 319.99
11 0.9849 160.04 1.02 198.95 42.38
5 0.9846 160.36 281.13 198.83 320.00
9 0.9841 277.26 1.58 317.26 42.30
8 0.9839 121.31 281.04 160.42 320.00
1 0.9816 238.02 281.15 277.11 319.95
