7 0.9891 198.81 82.16 237.71 122.00
0 0.9869 198.97 241.35 238.02 281.16
0 0.9867 237.97 241.27 277.40 281.18
6 0.9860 121.52 161.77 160.26 201.58
6 0.9859 237.88 42.32 277.03 82.12
11 0.9858 160.15 81.96 198.87 122.02
0 0.9855 277.33 241.32 316.88 281.08
8 0.9854 1.72 281.37 43.30 320.00
9 0.9854 1.97 241.22 43.46 281.26
1 0.9853 43.27 281.11 82.34 320.00
6 0.9852 276.92 42.24 317.34 82.11
1 0.9851 277.29 201.49 317.58 241.29
0 0.9845 82.30 241.22 121.56 281.18
5 0.9841 160.27 241.15 199.09 281.15
