7 0.9916 43.26 1.40 82.32 42.28
7 0.9911 238.18 1.48 277.42 42.39
0 0.9887 277.03 241.29 317.90 281.14
0 0.9879 82.31 241.19 121.40 281.14
0 0.9879 198.78 241.33 237.97 281.03
8 0.9877 82.29 1.20 121.34 42.35
0 0.9875 160.09 161.73 199.02 201.59
0 0.9875 237.93 241.24 277.08 281.12
9 0.9874 2.06 2.14 43.27 42.41
2 0.9871 82.34 281.10 121.39 320.00
3 0.9871 276.99 281.14 317.86 319.99
0 0.9870 43.38 241.34 82.31 281.17
6 0.9869 2.09 42.43 43.36 82.15
6 0.9868 160.28 122.00 199.03 161.76
8 0.9866 43.42 161.79 82.33 201.52
6 0.9865 238.24 42.37 277.31 82.16
6 0.9865 82.48 42.32 121.47 82.10
0 0.9864 1.60 241.24 43.46 281.16
6 0.9862 43.28 42.21 82.49 82.13
2 0.9862 198.73 280.99 238.03 320.00
6 0.9859 277.11 121.90 317.58 161.76
6 0.9857 198.84 42.28 238.28 82.15
3 0.9856 1.65 281.19 43.26 320.00
1 0.9853 43.22 281.13 82.36 319.99
11 0.9851 121.28 0.98 160.10 42.22
9 0.9842 277.39 1.72 317.58 42.23
5 0.9835 160.37 281.14 198.84 320.00
1 0.9818 238.05 281.13 277.04 319.97
