7 0.9910 238.14 1.72 277.28 42.36
7 0.9909 121.59 1.95 160.04 42.30
0 0.9883 277.06 241.28 317.71 281.16
2 0.9873 43.17 121.69 82.22 161.74
0 0.9872 121.31 161.80 160.12 201.54
0 0.9872 198.73 241.31 237.89 281.16
2 0.9869 82.26 281.10 121.48 320.00
6 0.9869 160.17 121.98 198.88 161.73
0 0.9867 237.89 241.23 277.11 281.13
4 0.9865 2.59 2.24 42.98 42.29
1 0.9863 121.41 241.29 160.00 281.16
11 0.9862 121.43 42.20 160.04 82.10
3 0.9861 277.03 281.16 317.88 320.00
6 0.9861 238.10 42.32 277.20 82.13
6 0.9860 2.65 42.29 43.14 82.09
6 0.9856 277.12 42.22 317.33 82.12
6 0.9855 198.77 42.25 238.22 82.14
5 0.9845 82.26 241.13 121.46 281.10
0 0.9844 2.21 241.20 43.25 281.19
8 0.9818 2.03 281.29 43.05 320.00
