7 0.9920 121.63 201.47 160.48 241.32
2 0.9893 277.39 1.14 317.09 42.16
1 0.9885 121.66 241.29 160.44 281.15
0 0.9871 43.40 241.31 82.49 281.16
6 0.9870 160.38 42.27 199.23 82.09
8 0.9867 199.24 201.42 238.39 241.23
0 0.9864 1.46 241.23 43.50 281.17
11 0.9862 238.38 121.89 277.43 161.66
6 0.9862 82.41 42.30 121.55 82.08
0 0.9858 277.57 241.23 317.11 281.06
6 0.9858 199.07 42.21 238.41 82.15
6 0.9854 2.26 42.34 43.39 82.11
6 0.9852 277.35 42.14 317.05 82.05
0 0.9844 82.46 241.20 121.70 281.18
3 0.9842 1.58 281.19 43.29 320.00
5 0.9834 121.54 281.08 160.50 320.00
1 0.9829 238.46 281.18 277.45 319.97
