7 0.9915 43.19 1.25 82.23 42.30
7 0.9892 198.86 82.16 237.85 121.84
8 0.9891 198.85 1.06 237.96 42.32
0 0.9887 277.20 241.29 317.64 281.14
10 0.9884 121.23 1.72 160.09 42.27
0 0.9883 82.23 241.20 121.33 281.14
2 0.9876 43.27 121.72 82.34 161.78
8 0.9876 82.20 1.09 121.31 42.37
0 0.9872 237.93 241.21 277.24 281.12
0 0.9872 121.28 241.36 160.10 281.13
0 0.9871 198.87 241.28 237.90 281.08
6 0.9870 237.97 42.42 277.17 82.17
1 0.9870 198.86 201.58 237.92 241.30
0 0.9869 43.35 241.34 82.23 281.17
6 0.9869 160.15 42.36 198.89 82.13
6 0.9869 2.08 42.43 43.36 82.11
2 0.9869 82.26 281.10 121.31 320.00
9 0.9868 2.10 2.02 43.20 42.42
0 0.9865 1.69 241.25 43.44 281.16
6 0.9865 82.33 42.32 121.40 82.11
0 0.9864 121.27 121.87 160.14 161.76
6 0.9862 43.20 42.22 82.35 82.14
6 0.9862 277.03 42.32 317.56 82.14
6 0.9860 198.76 42.32 238.00 82.19
3 0.9856 277.19 281.15 317.81 320.00
3 0.9855 1.68 281.19 43.22 320.00
11 0.9853 160.03 1.06 199.01 42.38
1 0.9851 43.17 281.13 82.30 319.99
5 0.9844 160.27 281.21 198.93 320.00
9 0.9844 277.24 1.56 317.29 42.30
4 0.9843 121.27 281.09 160.36 320.00
