0 0.9882 277.06 241.28 317.66 281.15
0 0.9877 160.16 161.72 199.02 201.59
0 0.9874 198.74 241.32 237.98 281.04
8 0.9870 82.36 1.56 121.52 42.29
6 0.9868 160.33 122.00 199.04 161.75
0 0.9867 237.93 241.24 277.11 281.10
4 0.9867 43.26 1.67 82.30 42.15
2 0.9865 198.76 281.04 238.06 320.00
6 0.9863 82.46 42.27 121.55 82.09
0 0.9862 121.47 201.57 160.23 241.33
11 0.9861 160.36 42.34 198.95 82.13
0 0.9858 1.65 241.24 43.47 281.16
8 0.9858 198.94 82.12 238.03 121.93
6 0.9858 238.03 82.08 277.25 121.98
3 0.9857 277.07 281.15 317.77 320.00
3 0.9857 1.84 281.18 43.18 320.00
1 0.9856 43.12 281.13 82.24 320.00
6 0.9853 277.19 42.22 317.32 82.10
6 0.9850 121.44 42.15 160.45 82.15
0 0.9849 82.29 241.20 121.58 281.19
5 0.9837 121.49 241.26 160.14 281.09
