7 0.9915 43.25 1.31 82.26 42.30
8 0.9890 199.04 1.19 238.11 42.32
0 0.9884 277.22 241.29 317.66 281.14
7 0.9884 277.13 82.17 317.64 121.93
0 0.9884 198.98 161.79 238.08 201.55
0 0.9881 82.43 241.22 121.55 281.15
10 0.9880 121.41 1.76 160.25 42.31
2 0.9872 82.44 281.10 121.53 320.00
0 0.9872 238.05 241.25 277.27 281.14
0 0.9871 121.48 241.36 160.26 281.11
0 0.9871 43.39 241.34 82.42 281.18
9 0.9870 2.10 2.07 43.26 42.43
3 0.9869 277.20 281.15 317.64 319.98
6 0.9869 160.30 42.36 199.08 82.12
6 0.9868 2.16 42.45 43.35 82.15
6 0.9864 82.43 42.36 121.49 82.11
0 0.9864 1.60 241.25 43.48 281.17
2 0.9862 198.88 281.04 238.20 320.00
6 0.9862 43.27 42.24 82.44 82.13
6 0.9861 198.96 42.32 238.15 82.17
6 0.9857 277.26 42.32 317.30 82.13
3 0.9857 1.67 281.19 43.28 320.00
1 0.9856 43.25 281.14 82.46 319.99
5 0.9853 198.95 241.28 238.07 281.03
6 0.9853 121.42 121.85 160.24 161.81
11 0.9851 160.19 1.14 199.20 42.38
9 0.9842 277.45 1.67 317.25 42.29
8 0.9839 121.49 281.08 160.44 320.00
1 0.9824 238.18 281.14 277.25 319.98
