7 0.9908 237.99 1.30 277.37 42.42
7 0.9894 82.46 82.12 121.48 121.98
8 0.9894 198.80 1.04 238.00 42.34
0 0.9887 277.14 241.30 317.77 281.14
10 0.9885 121.20 1.69 160.01 42.28
0 0.9880 82.25 241.20 121.31 281.14
0 0.9880 121.34 161.83 160.12 201.57
0 0.9877 237.92 241.25 277.19 281.14
2 0.9876 43.26 121.73 82.37 161.78
6 0.9876 121.33 121.89 160.14 161.83
8 0.9874 82.15 1.07 121.27 42.38
0 0.9874 198.82 241.34 237.91 281.14
6 0.9872 82.34 42.38 121.36 82.16
3 0.9870 277.10 281.14 317.77 319.99
0 0.9870 43.34 241.34 82.23 281.16
6 0.9870 160.07 42.37 198.85 82.14
6 0.9870 2.12 42.44 43.32 82.12
6 0.9869 238.02 42.40 277.29 82.17
2 0.9869 82.28 281.10 121.31 320.00
0 0.9866 1.67 241.24 43.43 281.15
6 0.9863 277.16 42.30 317.41 82.14
0 0.9863 160.09 122.02 198.98 161.72
6 0.9862 43.15 42.23 82.34 82.16
6 0.9862 198.74 42.33 238.04 82.18
9 0.9860 2.15 1.95 43.13 42.42
3 0.9856 1.68 281.18 43.23 320.00
11 0.9854 159.95 1.00 198.96 42.39
1 0.9850 43.18 281.13 82.31 319.99
9 0.9848 277.31 1.60 317.24 42.28
5 0.9846 160.20 281.19 198.89 320.00
4 0.9840 121.29 281.09 160.30 320.00
1 0.9828 238.05 281.15 277.12 319.96
