7 0.9917 43.24 1.48 82.20 42.27
7 0.9907 238.09 1.43 277.41 42.40
0 0.9884 277.10 241.30 317.77 281.15
2 0.9877 43.26 121.70 82.28 161.78
9 0.9876 2.15 2.14 43.25 42.39
0 0.9873 198.76 241.33 237.90 281.14
0 0.9873 237.89 241.25 277.16 281.14
3 0.9871 277.06 281.14 317.77 319.99
2 0.9871 82.28 42.36 121.33 82.12
0 0.9867 43.32 241.32 82.24 281.14
6 0.9865 238.12 42.37 277.30 82.16
6 0.9864 2.28 42.41 43.32 82.14
0 0.9864 160.09 122.03 198.99 161.71
0 0.9862 121.28 121.88 160.16 161.76
8 0.9862 82.24 241.17 121.48 281.13
6 0.9860 277.18 42.28 317.36 82.14
0 0.9860 1.76 241.23 43.41 281.16
8 0.9858 43.34 161.73 82.18 201.50
6 0.9857 198.70 42.28 238.15 82.13
1 0.9857 121.43 241.22 160.08 281.09
6 0.9855 43.19 42.22 82.33 82.14
11 0.9846 160.08 1.02 198.91 42.36
9 0.9845 277.37 1.69 317.20 42.27
3 0.9837 1.86 281.18 43.16 320.00
5 0.9836 160.22 281.11 198.82 320.00
1 0.9829 238.04 281.15 277.13 319.99
