0 0.9882 277.19 241.29 317.58 281.15
0 0.9872 238.05 241.25 277.24 281.15
0 0.9871 121.47 161.81 160.19 201.53
0 0.9870 43.32 241.32 82.32 281.16
3 0.9869 277.15 281.15 317.53 319.98
4 0.9867 277.44 1.46 316.72 42.18
8 0.9865 82.24 1.18 121.56 42.35
6 0.9862 2.13 122.04 43.37 161.72
0 0.9861 159.99 241.19 198.96 281.18
0 0.9859 1.74 241.23 43.41 281.16
5 0.9857 198.88 241.30 238.05 281.13
6 0.9857 160.12 161.68 199.01 201.59
6 0.9856 198.86 42.25 238.27 82.12
6 0.9853 277.23 42.17 317.05 82.05
11 0.9851 121.56 1.16 160.21 42.25
9 0.9851 2.12 1.94 43.28 42.36
6 0.9850 82.55 82.05 121.73 122.02
0 0.9849 82.29 241.18 121.47 281.20
3 0.9837 1.92 281.19 43.18 320.00
1 0.9833 238.17 281.16 277.21 319.98
