7 0.9931 237.73 1.45 277.00 42.51
7 0.9916 43.32 1.29 82.22 42.40
8 0.9890 198.70 0.59 237.82 42.43
5 0.9890 160.10 281.18 198.83 320.00
0 0.9888 276.85 241.36 319.12 281.09
11 0.9885 159.97 0.95 198.93 42.48
0 0.9883 198.78 241.34 237.71 281.07
6 0.9882 1.45 42.49 43.32 82.13
9 0.9881 1.23 1.83 43.30 42.51
6 0.9880 82.30 42.44 121.33 82.19
6 0.9875 237.85 42.44 276.91 82.10
0 0.9875 237.72 241.31 276.84 281.07
8 0.9872 82.17 0.80 121.36 42.51
10 0.9872 121.26 1.72 160.03 42.42
6 0.9870 159.94 161.76 198.83 201.51
6 0.9868 43.24 42.36 82.31 82.10
0 0.9868 121.24 241.31 159.99 281.11
6 0.9868 160.13 42.34 198.62 82.11
0 0.9867 43.32 241.36 82.21 281.15
6 0.9867 276.82 42.34 318.48 82.19
6 0.9866 198.59 42.38 237.92 82.21
2 0.9864 82.19 281.06 121.18 319.99
3 0.9864 276.79 281.05 318.59 319.94
9 0.9864 276.93 1.54 318.46 42.37
0 0.9862 1.48 241.30 43.39 281.23
0 0.9862 82.18 241.24 121.25 281.05
2 0.9861 198.70 280.99 237.98 319.98
4 0.9853 121.11 281.11 160.18 320.00
1 0.9840 43.18 281.04 82.27 320.00
3 0.9839 1.28 281.22 43.21 320.00
1 0.9828 238.00 281.01 276.82 319.98
