3 0.9878 276.94 281.10 318.64 319.99
8 0.9873 277.09 82.15 317.13 121.92
0 0.9872 277.14 161.73 317.55 201.46
9 0.9871 2.23 2.11 43.15 42.40
0 0.9870 43.37 241.32 82.37 281.16
6 0.9869 160.14 42.34 199.07 82.15
0 0.9867 238.08 122.00 277.07 161.71
8 0.9867 82.08 1.09 121.25 42.37
6 0.9867 2.29 42.42 43.31 82.14
2 0.9864 198.73 281.01 238.06 320.00
6 0.9858 43.22 42.21 82.37 82.12
0 0.9857 1.72 241.24 43.45 281.17
11 0.9856 121.22 1.11 160.02 42.29
6 0.9855 198.96 121.85 238.16 161.75
1 0.9854 121.37 121.87 160.19 161.72
6 0.9852 277.17 42.28 317.07 82.09
6 0.9851 121.30 42.20 160.23 82.13
0 0.9849 82.35 241.18 121.51 281.20
9 0.9841 277.38 1.78 317.15 42.26
5 0.9838 160.30 201.47 198.95 241.23
3 0.9836 1.90 281.20 43.23 320.00
1 0.9824 238.08 281.15 276.99 319.98
