7 0.9914 43.22 1.38 82.27 42.28
8 0.9891 198.76 1.30 237.97 42.29
0 0.9886 277.06 241.29 317.80 281.14
10 0.9883 121.27 1.82 160.06 42.27
0 0.9882 82.26 241.21 121.36 281.14
0 0.9880 198.78 241.33 237.99 281.03
8 0.9878 82.24 1.21 121.35 42.36
0 0.9876 237.93 241.24 277.11 281.12
4 0.9875 237.99 1.26 277.08 42.39
2 0.9875 82.29 281.10 121.32 320.00
9 0.9874 2.05 2.14 43.22 42.41
6 0.9872 237.96 42.36 277.10 82.13
0 0.9871 121.32 241.35 160.12 281.15
3 0.9869 277.03 281.14 317.77 319.99
0 0.9869 43.35 241.34 82.27 281.17
0 0.9869 159.96 161.71 198.91 201.60
6 0.9869 2.03 42.42 43.37 82.10
6 0.9867 160.14 42.33 198.83 82.11
0 0.9865 1.65 241.24 43.44 281.16
6 0.9864 82.38 42.32 121.42 82.10
6 0.9862 43.23 42.21 82.40 82.13
2 0.9862 198.74 280.99 238.06 320.00
6 0.9861 198.70 42.30 237.95 82.14
3 0.9856 1.70 281.19 43.23 320.00
11 0.9854 160.00 1.19 198.94 42.36
1 0.9852 43.19 281.13 82.32 319.99
6 0.9851 121.30 121.86 160.08 161.82
5 0.9837 160.30 281.16 198.85 320.00
1 0.9816 238.02 281.13 277.05 319.95
