7 0.9898 82.50 82.11 121.52 122.00
7 0.9891 276.94 82.19 317.76 121.93
0 0.9887 277.13 241.29 317.79 281.15
0 0.9879 121.33 161.83 160.13 201.58
0 0.9877 198.74 241.33 238.00 281.05
6 0.9877 121.34 121.89 160.14 161.84
0 0.9871 43.32 241.34 82.18 281.17
0 0.9871 237.95 241.25 277.18 281.11
1 0.9868 198.94 42.38 237.98 82.12
0 0.9867 159.96 241.24 198.93 281.20
8 0.9867 82.19 1.03 121.37 42.38
6 0.9864 2.11 122.06 43.36 161.73
0 0.9864 1.77 241.24 43.41 281.16
6 0.9862 237.99 42.38 277.17 82.18
6 0.9862 43.26 42.24 82.48 82.15
2 0.9860 198.72 281.01 238.05 320.00
6 0.9859 277.11 42.29 317.42 82.18
3 0.9858 277.12 281.16 317.92 320.00
3 0.9855 1.82 281.19 43.19 320.00
0 0.9855 82.14 241.21 121.30 281.20
11 0.9853 121.31 0.97 160.13 42.23
9 0.9853 2.10 2.00 43.26 42.38
8 0.9849 199.02 1.00 237.96 42.44
1 0.9845 43.13 281.14 82.17 320.00
5 0.9844 160.12 281.21 198.85 320.00
4 0.9836 121.15 281.14 160.14 320.00
