7 0.9899 238.14 1.68 277.50 42.40
0 0.9875 160.13 161.70 199.05 201.61
0 0.9873 43.38 121.83 82.40 161.75
6 0.9871 160.31 121.98 199.02 161.74
11 0.9868 198.89 42.26 238.10 82.14
0 0.9867 198.85 201.52 238.14 241.26
0 0.9867 121.57 241.32 160.37 281.17
6 0.9866 238.06 121.96 277.13 161.70
6 0.9865 198.94 82.10 237.98 121.94
6 0.9864 82.56 42.35 121.69 82.09
0 0.9863 238.06 241.27 277.38 281.15
2 0.9863 2.19 201.48 43.43 241.13
3 0.9861 199.27 1.98 238.17 42.27
6 0.9859 277.28 42.26 317.27 82.08
0 0.9858 43.40 201.52 82.40 241.23
6 0.9857 43.35 42.22 82.57 82.11
6 0.9852 121.61 42.20 160.50 82.13
1 0.9851 160.35 201.54 199.01 241.19
5 0.9851 198.95 241.26 238.07 281.12
0 0.9847 82.37 241.19 121.64 281.19
9 0.9842 277.47 1.89 317.16 42.25
