8 0.9891 198.91 1.17 238.05 42.32
7 0.9890 198.88 82.17 237.96 121.86
0 0.9883 82.29 241.20 121.39 281.14
0 0.9877 237.87 241.25 276.99 281.14
3 0.9877 276.94 281.11 318.69 319.99
0 0.9874 277.17 161.77 317.43 201.49
0 0.9874 198.79 241.32 237.86 281.14
2 0.9872 82.32 281.10 121.36 320.00
0 0.9872 121.35 241.35 160.11 281.15
6 0.9872 160.17 42.34 198.98 82.14
0 0.9870 43.37 241.33 82.30 281.17
6 0.9868 2.28 42.40 43.32 82.13
6 0.9867 238.07 42.41 277.13 82.17
0 0.9864 1.60 241.24 43.45 281.16
6 0.9863 277.02 121.91 317.43 161.73
2 0.9862 82.33 82.04 121.42 121.95
6 0.9860 160.06 161.69 198.95 201.60
6 0.9859 198.82 42.32 238.12 82.20
3 0.9857 1.66 281.19 43.24 320.00
1 0.9853 43.20 281.13 82.35 319.99
6 0.9852 82.14 42.34 121.37 82.06
11 0.9850 121.34 1.08 160.17 42.22
9 0.9842 277.25 1.70 317.76 42.25
5 0.9837 160.26 281.17 198.83 320.00
1 0.9827 238.03 281.15 277.00 319.98
