0 0.9881 198.79 161.76 237.98 201.58
1 0.9868 198.88 201.50 238.02 241.30
2 0.9867 2.33 1.09 43.43 42.26
6 0.9865 238.02 42.39 277.22 82.16
0 0.9864 237.96 241.23 277.44 281.18
8 0.9860 43.35 161.76 82.24 201.49
6 0.9860 2.57 42.25 43.38 82.10
6 0.9858 277.09 42.30 317.37 82.12
0 0.9858 277.42 241.28 317.14 281.08
0 0.9858 160.17 201.59 198.96 241.22
6 0.9857 198.64 42.27 238.06 82.13
3 0.9852 121.52 281.14 160.37 320.00
5 0.9852 198.93 241.30 238.04 281.11
0 0.9851 1.69 241.22 43.46 281.19
6 0.9845 121.35 121.84 160.11 161.80
11 0.9844 160.12 1.09 198.90 42.36
9 0.9837 277.29 1.70 317.23 42.28
