7 0.9894 43.30 1.72 82.11 42.14
7 0.9877 277.27 281.16 316.86 320.00
0 0.9876 277.43 241.27 317.24 281.14
0 0.9871 43.38 241.33 82.43 281.20
2 0.9870 2.41 1.26 43.32 42.25
0 0.9868 238.22 241.23 277.48 281.13
6 0.9866 238.14 42.40 277.32 82.13
8 0.9865 43.41 161.78 82.38 201.52
0 0.9863 1.63 241.24 43.48 281.18
6 0.9861 121.55 161.77 160.19 201.53
3 0.9861 1.65 281.20 43.28 320.00
6 0.9861 2.44 42.24 43.40 82.08
6 0.9860 277.15 42.28 317.39 82.11
1 0.9858 43.24 281.15 82.44 320.00
6 0.9857 198.74 42.27 238.21 82.14
6 0.9856 160.12 161.67 199.03 201.58
11 0.9853 121.34 1.20 160.01 42.21
0 0.9847 82.41 241.20 121.70 281.21
9 0.9840 277.40 1.77 317.26 42.26
5 0.9838 121.63 241.24 160.30 281.11
1 0.9835 238.29 281.16 277.34 319.97
