7 0.9908 238.01 1.42 277.32 42.40
7 0.9897 82.41 82.10 121.41 121.98
2 0.9886 82.41 42.36 121.33 82.17
0 0.9880 121.27 161.82 160.05 201.55
0 0.9878 198.64 241.33 237.87 281.05
3 0.9877 276.80 281.11 318.87 320.00
0 0.9876 277.12 161.74 317.68 201.49
6 0.9876 121.26 121.88 160.05 161.82
0 0.9876 237.82 241.25 276.90 281.12
6 0.9869 2.27 42.42 43.30 82.14
8 0.9868 82.06 1.10 121.11 42.38
0 0.9867 159.83 241.23 198.81 281.20
6 0.9867 238.00 42.37 277.21 82.16
9 0.9865 2.18 2.06 43.18 42.40
0 0.9865 82.14 201.52 121.22 241.17
6 0.9862 277.07 42.29 317.52 82.14
2 0.9859 198.63 281.01 237.93 320.00
0 0.9859 1.82 241.21 43.39 281.14
6 0.9858 198.63 42.29 238.04 82.14
6 0.9855 43.20 42.22 82.41 82.15
11 0.9847 159.93 0.99 198.86 42.37
9 0.9846 277.28 1.69 317.28 42.27
5 0.9845 159.98 281.20 198.76 320.00
4 0.9837 121.12 281.12 160.01 320.00
3 0.9834 2.06 281.17 43.10 320.00
1 0.9817 237.97 281.14 276.85 319.97
