7 0.9915 43.25 1.34 82.30 42.29
7 0.9909 238.06 1.45 277.43 42.40
8 0.9893 198.88 1.24 238.07 42.32
0 0.9888 277.09 241.29 317.83 281.14
0 0.9880 198.75 241.33 238.00 281.05
0 0.9876 237.95 241.25 277.15 281.13
2 0.9876 121.30 0.99 160.20 42.24
8 0.9874 82.27 1.15 121.39 42.35
6 0.9871 1.96 42.42 43.40 82.11
3 0.9871 277.04 281.14 317.83 319.99
9 0.9871 2.03 2.09 43.26 42.42
0 0.9870 43.34 241.34 82.23 281.17
6 0.9868 238.08 42.38 277.32 82.16
6 0.9866 82.43 42.31 121.43 82.10
0 0.9866 160.01 241.24 198.93 281.20
0 0.9865 1.72 241.24 43.43 281.16
0 0.9864 160.11 122.02 199.02 161.71
6 0.9863 43.27 42.22 82.44 82.13
2 0.9862 198.73 281.00 238.05 320.00
6 0.9862 277.20 42.28 317.34 82.13
6 0.9859 198.82 42.31 238.10 82.14
3 0.9856 1.74 281.19 43.20 320.00
0 0.9854 82.20 241.22 121.33 281.19
6 0.9851 121.32 121.86 160.17 161.81
9 0.9850 277.37 1.69 317.21 42.26
11 0.9849 160.13 0.97 199.04 42.34
1 0.9846 43.15 281.14 82.19 320.00
5 0.9844 160.19 281.20 198.85 320.00
4 0.9836 121.18 281.13 160.22 320.00
1 0.9819 238.01 281.14 277.06 319.95
