7 0.9893 82.43 82.08 121.54 121.98
7 0.9892 276.93 82.18 317.81 121.92
8 0.9888 198.90 1.19 238.08 42.33
1 0.9875 198.92 201.56 238.06 241.28
0 0.9873 43.30 241.35 82.23 281.16
2 0.9872 43.15 121.70 82.29 161.77
0 0.9869 1.86 201.54 43.37 241.23
0 0.9868 198.92 241.27 238.05 281.15
6 0.9866 238.09 42.42 277.32 82.16
0 0.9863 238.06 241.20 277.46 281.14
0 0.9862 121.30 121.88 160.16 161.77
6 0.9857 277.15 42.32 317.34 82.17
6 0.9857 2.37 122.04 43.26 161.73
0 0.9857 277.41 241.28 317.22 281.09
6 0.9856 43.28 42.22 82.47 82.14
6 0.9855 198.83 42.31 238.18 82.14
3 0.9854 82.34 281.20 121.52 320.00
11 0.9843 82.35 1.12 121.46 42.35
9 0.9839 277.37 1.63 317.33 42.29
5 0.9829 121.51 241.24 160.13 281.09
