7 0.9906 2.31 2.05 42.97 42.37
0 0.9880 277.10 241.28 317.91 281.17
3 0.9877 277.04 281.16 317.97 320.00
0 0.9868 198.74 241.33 237.89 281.18
11 0.9865 121.39 42.20 160.08 82.13
6 0.9859 82.22 42.32 121.48 82.13
6 0.9858 121.31 161.76 160.04 201.53
6 0.9854 159.97 161.68 198.90 201.60
6 0.9853 198.83 42.24 238.24 82.15
6 0.9851 2.46 42.33 43.18 82.12
6 0.9850 277.20 42.20 317.40 82.06
1 0.9849 43.17 281.11 82.34 320.00
1 0.9838 238.06 281.20 277.10 319.99
8 0.9837 1.67 281.32 43.21 320.00
5 0.9821 121.46 241.31 160.04 281.13
