7 0.9917 43.19 1.54 82.24 42.27
8 0.9892 198.91 1.32 238.05 42.30
0 0.9886 160.15 122.02 199.01 161.69
0 0.9884 277.27 241.29 317.50 281.13
0 0.9880 82.32 241.19 121.39 281.13
10 0.9879 121.53 2.03 160.17 42.30
0 0.9876 238.09 161.65 277.29 201.59
0 0.9875 121.40 161.80 160.15 201.54
9 0.9874 2.17 2.21 43.20 42.40
6 0.9874 121.41 121.87 160.20 161.81
2 0.9872 82.35 281.09 121.39 320.00
0 0.9871 238.09 241.23 277.32 281.12
0 0.9870 43.35 241.33 82.30 281.16
6 0.9868 238.08 42.41 277.32 82.13
6 0.9867 2.23 42.42 43.30 82.13
3 0.9867 277.25 281.14 317.48 319.98
6 0.9864 160.19 42.32 199.01 82.13
11 0.9864 121.51 42.24 160.23 82.09
0 0.9864 1.65 241.24 43.44 281.15
6 0.9862 43.17 42.22 82.39 82.13
6 0.9861 277.14 42.30 317.30 82.12
6 0.9860 198.79 42.31 238.17 82.14
3 0.9856 1.66 281.18 43.25 320.00
2 0.9854 160.12 161.68 199.07 201.58
1 0.9853 43.22 281.12 82.38 319.99
6 0.9853 82.34 82.07 121.64 122.01
4 0.9850 160.14 241.20 198.85 281.15
9 0.9842 277.38 1.77 317.10 42.27
5 0.9833 160.35 281.17 198.93 320.00
1 0.9824 238.24 281.14 277.31 319.99
