7 0.9915 43.21 1.40 82.30 42.28
7 0.9908 199.08 42.34 238.16 82.15
8 0.9888 199.00 1.34 238.12 42.35
0 0.9885 277.21 241.29 317.62 281.14
0 0.9883 82.28 241.21 121.39 281.14
10 0.9882 121.37 1.91 160.24 42.25
8 0.9876 82.28 1.26 121.44 42.35
0 0.9876 237.99 241.25 277.26 281.14
9 0.9874 2.11 2.12 43.22 42.41
0 0.9874 198.86 241.33 237.99 281.14
6 0.9873 160.30 42.35 199.12 82.13
2 0.9873 82.31 281.10 121.36 320.00
0 0.9871 121.36 241.35 160.15 281.15
3 0.9870 277.16 281.14 317.64 319.99
0 0.9869 43.35 241.34 82.28 281.17
6 0.9868 2.16 42.43 43.32 82.14
6 0.9866 238.11 42.41 277.38 82.12
11 0.9865 121.59 82.10 160.30 121.85
0 0.9865 1.65 241.24 43.44 281.16
6 0.9864 82.42 42.31 121.53 82.10
2 0.9863 82.35 161.65 121.45 201.57
6 0.9863 43.24 42.21 82.45 82.13
6 0.9860 277.24 42.29 317.22 82.12
6 0.9860 160.15 161.69 199.02 201.60
3 0.9858 1.67 281.19 43.24 320.00
1 0.9853 43.19 281.13 82.34 319.99
9 0.9841 277.42 1.74 317.08 42.26
5 0.9837 160.30 281.17 198.89 320.00
1 0.9826 238.11 281.15 277.17 319.96
