7 0.9907 238.09 1.51 277.43 42.40
0 0.9885 277.24 241.29 317.57 281.14
0 0.9882 82.29 241.21 121.41 281.15
0 0.9872 198.87 241.33 238.00 281.14
2 0.9872 82.32 281.11 121.37 320.00
0 0.9871 121.36 241.36 160.15 281.15
0 0.9870 238.00 241.24 277.29 281.12
6 0.9870 2.24 42.42 43.32 82.14
0 0.9870 43.35 241.34 82.28 281.17
1 0.9869 198.92 42.37 238.06 82.11
9 0.9869 2.20 2.10 43.19 42.39
0 0.9868 160.06 161.70 199.04 201.61
6 0.9866 121.42 161.81 160.13 201.57
0 0.9864 1.65 241.24 43.44 281.16
2 0.9863 82.41 82.03 121.51 121.99
6 0.9861 238.08 42.33 277.26 82.15
6 0.9860 277.21 42.27 317.24 82.13
8 0.9860 199.03 1.10 238.10 42.44
6 0.9859 43.22 42.22 82.39 82.13
3 0.9858 1.67 281.19 43.25 320.00
6 0.9857 82.46 121.93 121.47 161.74
3 0.9856 277.22 281.15 317.72 320.00
1 0.9854 43.21 281.13 82.35 319.99
11 0.9853 121.32 1.07 160.10 42.23
9 0.9846 277.40 1.75 317.14 42.25
5 0.9837 160.34 281.17 198.94 320.00
