8 0.9893 277.04 121.75 317.79 161.79
0 0.9881 82.28 241.21 121.39 281.14
0 0.9879 121.38 161.82 160.23 201.56
6 0.9876 121.39 121.87 160.25 161.82
1 0.9874 199.13 201.57 238.15 241.28
0 0.9869 199.15 241.27 238.14 281.14
3 0.9869 2.43 2.08 43.13 42.37
2 0.9868 82.30 281.10 121.37 320.00
0 0.9868 43.34 241.34 82.28 281.18
0 0.9867 238.15 241.20 277.47 281.12
6 0.9866 2.39 42.38 43.28 82.13
0 0.9864 1.64 241.25 43.43 281.16
11 0.9863 121.47 42.21 160.24 82.12
6 0.9861 160.20 42.32 199.09 82.16
6 0.9861 82.35 42.32 121.54 82.12
3 0.9860 1.66 281.19 43.22 320.00
1 0.9859 43.18 281.14 82.33 319.99
6 0.9859 43.17 42.20 82.40 82.13
0 0.9858 277.43 241.27 317.09 281.06
6 0.9853 277.06 42.23 317.35 82.08
5 0.9824 121.30 281.08 160.28 320.00
