7 0.9917 43.27 1.58 82.32 42.27
10 0.9903 277.40 1.65 316.74 42.19
7 0.9897 238.07 1.57 277.45 42.39
8 0.9894 198.88 1.49 238.12 42.29
0 0.9881 82.35 241.22 121.46 281.16
9 0.9881 2.01 2.22 43.28 42.39
0 0.9871 121.42 241.36 160.26 281.17
6 0.9870 160.24 42.34 199.01 82.13
0 0.9870 43.38 241.34 82.35 281.18
0 0.9868 160.11 161.69 199.12 201.61
2 0.9868 82.38 281.12 121.43 320.00
6 0.9868 2.04 42.41 43.37 82.14
6 0.9867 121.47 161.81 160.18 201.57
0 0.9865 1.56 241.25 43.47 281.17
3 0.9861 1.56 281.19 43.27 320.00
6 0.9860 43.25 42.23 82.47 82.13
6 0.9860 198.86 42.31 238.25 82.15
6 0.9857 82.55 121.96 121.51 161.75
1 0.9857 43.24 281.14 82.41 319.99
2 0.9857 198.83 281.02 238.24 320.00
11 0.9843 82.28 1.12 121.29 42.38
5 0.9836 160.45 281.17 198.95 320.00
1 0.9823 238.17 281.15 277.22 319.96
