7 0.9898 160.09 121.95 198.85 161.68
7 0.9889 198.60 82.17 237.56 121.97
0 0.9880 237.85 161.71 277.00 201.57
2 0.9877 43.29 121.76 82.23 161.74
0 0.9871 43.38 241.32 82.21 281.18
0 0.9871 237.94 241.22 277.17 281.16
6 0.9867 237.71 121.96 276.93 161.74
6 0.9865 121.30 201.49 160.14 241.27
6 0.9861 121.33 161.75 160.11 201.55
0 0.9860 1.88 241.20 43.49 281.18
3 0.9860 1.87 281.20 43.32 320.00
6 0.9860 82.21 42.32 121.36 82.10
11 0.9859 160.08 42.41 198.64 82.04
6 0.9857 2.67 42.39 43.22 82.07
1 0.9856 43.27 281.13 82.25 320.00
6 0.9852 43.11 42.19 82.25 82.18
0 0.9850 82.17 241.21 121.39 281.18
9 0.9843 277.15 1.80 317.86 42.23
5 0.9841 160.12 241.15 198.94 281.16
