0 0.9885 277.11 241.30 317.60 281.14
0 0.9873 198.92 241.33 237.88 281.11
9 0.9872 43.44 2.00 82.30 42.24
0 0.9870 237.84 241.24 277.15 281.15
8 0.9868 160.35 42.40 198.92 82.03
6 0.9865 160.33 121.97 199.00 161.79
6 0.9862 238.03 42.38 277.19 82.11
6 0.9861 82.47 42.33 121.54 82.09
9 0.9861 160.22 161.77 199.04 201.60
0 0.9860 1.67 241.20 43.55 281.16
11 0.9860 160.30 1.28 199.03 42.42
6 0.9859 2.23 42.43 43.42 82.08
6 0.9859 198.88 42.31 238.04 82.13
3 0.9857 277.11 281.15 317.73 320.00
6 0.9856 43.34 42.21 82.49 82.17
6 0.9855 277.12 121.88 317.44 161.73
0 0.9849 82.33 241.20 121.55 281.16
3 0.9842 1.88 281.18 43.34 320.00
5 0.9827 160.45 281.16 198.85 320.00
