7 0.9889 277.01 82.18 317.72 121.93
0 0.9884 277.17 241.29 317.72 281.16
0 0.9877 2.00 201.56 43.43 241.23
0 0.9874 198.84 241.32 238.03 281.11
9 0.9874 2.12 2.19 43.30 42.39
6 0.9870 2.17 42.41 43.39 82.14
6 0.9868 238.27 42.42 277.41 82.16
0 0.9867 238.02 241.24 277.22 281.12
2 0.9866 198.79 281.06 238.14 320.00
0 0.9860 159.97 241.21 198.96 281.17
6 0.9859 43.31 42.22 82.56 82.12
0 0.9859 1.96 241.29 43.42 281.15
6 0.9858 277.25 42.32 317.24 82.16
3 0.9857 277.15 281.16 317.88 320.00
6 0.9856 198.97 42.28 238.33 82.14
1 0.9855 121.46 121.87 160.23 161.73
0 0.9852 82.19 241.17 121.52 281.21
11 0.9851 121.54 1.25 160.19 42.27
9 0.9836 277.47 1.70 317.20 42.28
3 0.9833 2.12 281.18 43.10 320.00
5 0.9833 121.45 241.23 160.02 281.11
