7 0.9898 82.64 82.12 121.62 122.00
8 0.9891 198.98 1.08 238.14 42.33
0 0.9885 277.16 241.31 317.44 281.14
0 0.9882 82.32 241.20 121.45 281.15
0 0.9878 198.85 241.33 238.05 281.03
2 0.9872 82.33 281.12 121.41 320.00
6 0.9872 160.22 42.36 199.08 82.13
0 0.9871 121.39 241.35 160.20 281.16
0 0.9871 43.38 241.33 82.33 281.15
0 0.9871 237.99 241.26 277.21 281.10
6 0.9870 2.18 42.43 43.33 82.15
6 0.9869 82.53 42.38 121.47 82.16
6 0.9868 238.15 42.43 277.33 82.16
9 0.9865 2.15 2.03 43.19 42.41
0 0.9864 1.58 241.24 43.46 281.16
2 0.9862 198.82 280.99 238.12 320.00
6 0.9862 43.23 42.24 82.50 82.15
6 0.9861 198.94 42.33 238.22 82.18
6 0.9859 277.12 121.92 317.60 161.78
3 0.9857 277.18 281.15 317.83 320.00
1 0.9855 121.46 121.89 160.24 161.75
1 0.9854 277.09 201.50 317.82 241.29
11 0.9849 121.33 1.04 160.12 42.29
9 0.9838 277.39 1.61 317.60 42.26
3 0.9837 1.71 281.19 43.24 320.00
5 0.9835 160.33 281.17 198.91 320.00
