7 0.9914 43.25 1.33 82.30 42.31
2 0.9886 277.32 0.87 317.04 42.22
0 0.9882 121.51 161.83 160.30 201.57
7 0.9882 160.28 161.79 199.12 201.62
6 0.9877 121.49 121.89 160.34 161.83
9 0.9875 2.04 2.09 43.26 42.42
0 0.9874 199.09 241.35 238.20 281.17
0 0.9871 43.36 241.34 82.43 281.16
6 0.9871 160.36 122.00 199.10 161.80
1 0.9870 121.44 281.15 160.38 319.99
0 0.9870 277.46 241.27 317.01 281.06
8 0.9869 160.36 42.41 199.04 82.09
6 0.9867 2.11 42.44 43.34 82.15
6 0.9865 82.48 42.36 121.48 82.12
0 0.9863 1.59 241.24 43.45 281.17
6 0.9862 198.97 42.30 238.18 82.14
6 0.9861 43.26 42.24 82.50 82.14
6 0.9856 277.23 42.21 317.10 82.06
11 0.9852 160.23 1.05 199.11 42.41
5 0.9850 121.61 241.26 160.34 281.19
0 0.9850 82.41 241.21 121.68 281.21
8 0.9847 277.31 281.08 317.21 319.97
3 0.9841 1.74 281.20 43.22 320.00
1 0.9827 238.25 281.18 277.36 319.94
