7 0.9907 238.04 1.41 277.34 42.41
0 0.9894 82.32 241.16 121.50 281.19
0 0.9885 277.07 241.29 317.79 281.16
0 0.9876 159.98 161.70 198.88 201.56
7 0.9875 82.46 281.15 121.52 320.00
0 0.9874 237.92 241.24 277.12 281.15
3 0.9873 277.03 281.15 317.78 319.99
6 0.9871 160.15 121.99 198.83 161.74
0 0.9871 198.67 241.31 237.91 281.17
0 0.9870 43.32 241.32 82.30 281.15
8 0.9868 82.11 1.10 121.28 42.36
6 0.9868 2.42 42.30 43.38 82.11
2 0.9867 2.33 0.98 43.33 42.31
6 0.9866 198.76 82.12 237.87 121.95
6 0.9866 238.05 42.37 277.23 82.16
8 0.9864 198.85 1.16 238.03 42.28
6 0.9862 277.10 42.29 317.50 82.13
0 0.9858 1.80 241.23 43.45 281.20
6 0.9850 121.25 42.22 160.23 82.12
6 0.9850 82.28 82.05 121.51 122.01
9 0.9849 277.30 1.68 317.34 42.27
1 0.9848 82.31 201.52 121.38 241.20
11 0.9848 160.11 0.94 198.99 42.38
5 0.9839 160.04 241.16 198.80 281.14
1 0.9830 238.06 281.16 277.09 319.99
