7 0.9907 238.00 1.35 277.36 42.41
7 0.9893 82.52 82.11 121.50 121.99
8 0.9892 198.81 1.13 238.01 42.34
0 0.9886 277.18 241.30 317.70 281.14
0 0.9881 82.33 241.20 121.41 281.14
10 0.9881 121.33 1.76 160.06 42.30
2 0.9876 43.26 121.72 82.42 161.78
0 0.9876 237.96 241.25 277.23 281.14
2 0.9875 82.35 281.10 121.40 320.00
0 0.9874 198.83 241.33 237.96 281.14
0 0.9873 121.41 161.83 160.15 201.55
6 0.9871 82.41 42.38 121.40 82.15
3 0.9870 277.14 281.14 317.69 319.99
0 0.9870 43.34 241.33 82.34 281.14
6 0.9868 238.03 42.39 277.26 82.16
6 0.9868 160.22 122.01 198.91 161.77
6 0.9868 2.26 42.43 43.29 82.15
0 0.9864 1.59 241.24 43.43 281.15
9 0.9863 2.18 1.99 43.17 42.41
6 0.9862 277.13 42.29 317.42 82.14
6 0.9861 43.18 42.23 82.40 82.15
6 0.9859 198.76 42.32 238.05 82.15
6 0.9857 160.08 161.75 198.96 201.60
11 0.9851 160.00 1.06 198.97 42.37
9 0.9847 277.31 1.64 317.25 42.27
5 0.9847 160.35 281.13 198.88 320.00
1 0.9845 82.36 201.57 121.37 241.23
3 0.9839 1.67 281.18 43.22 320.00
8 0.9838 121.34 281.04 160.41 320.00
1 0.9826 238.11 281.15 277.20 319.98
