7 0.9909 238.16 1.53 277.42 42.40
8 0.9895 199.03 1.31 238.17 42.31
0 0.9884 277.19 241.30 317.64 281.14
0 0.9882 82.37 241.21 121.46 281.15
0 0.9880 121.44 161.84 160.28 201.57
0 0.9874 238.00 241.25 277.24 281.14
0 0.9874 198.86 241.33 237.99 281.14
6 0.9873 121.43 121.87 160.30 161.84
2 0.9873 82.37 281.11 121.44 320.00
0 0.9872 43.37 241.34 82.37 281.15
9 0.9871 43.32 2.12 82.27 42.22
3 0.9870 277.16 281.14 317.65 319.99
6 0.9866 238.19 42.38 277.34 82.14
6 0.9864 160.26 42.34 199.11 82.14
0 0.9864 1.59 241.24 43.45 281.15
11 0.9863 121.46 42.23 160.26 82.10
6 0.9862 43.33 42.22 82.37 82.11
0 0.9861 160.26 122.02 199.07 161.72
6 0.9860 277.17 42.28 317.29 82.13
6 0.9860 198.93 42.31 238.24 82.18
6 0.9855 43.30 121.80 82.46 161.81
6 0.9854 82.44 121.96 121.48 161.77
9 0.9846 277.38 1.77 317.14 42.26
5 0.9846 160.42 281.13 198.93 320.00
3 0.9840 1.70 281.18 43.23 320.00
8 0.9837 121.38 281.05 160.48 320.00
1 0.9827 238.16 281.15 277.22 319.98
