7 0.9917 43.25 1.45 82.26 42.28
7 0.9907 238.01 1.36 277.38 42.42
8 0.9893 198.84 1.14 238.01 42.34
0 0.9887 277.03 241.29 317.94 281.15
0 0.9882 82.26 241.20 121.36 281.14
10 0.9880 121.38 1.83 160.12 42.31
0 0.9879 198.72 241.34 237.94 281.04
2 0.9876 82.27 281.11 121.35 320.00
0 0.9874 237.89 241.25 277.09 281.13
9 0.9872 2.07 2.13 43.26 42.41
3 0.9872 276.99 281.14 317.92 319.99
0 0.9871 43.31 241.33 82.25 281.14
6 0.9870 2.15 42.43 43.33 82.14
6 0.9868 238.03 42.40 277.28 82.16
6 0.9866 160.05 82.10 198.89 122.04
6 0.9863 43.25 42.22 82.35 82.12
6 0.9863 121.34 121.89 160.14 161.78
0 0.9863 1.72 241.25 43.40 281.14
6 0.9862 121.37 161.78 160.13 201.55
6 0.9862 277.16 42.30 317.44 82.14
0 0.9862 160.09 122.04 198.98 161.71
6 0.9861 198.77 42.33 238.05 82.17
2 0.9858 198.68 281.00 238.02 320.00
1 0.9854 1.57 201.64 43.40 241.18
11 0.9851 160.07 1.06 199.00 42.37
9 0.9848 277.33 1.64 317.28 42.28
5 0.9845 160.31 281.13 198.81 320.00
8 0.9838 121.27 281.04 160.36 320.00
3 0.9835 1.85 281.17 43.17 320.00
1 0.9816 238.04 281.14 277.04 319.98
