7 0.9916 43.22 1.50 82.22 42.28
7 0.9900 238.15 1.57 277.43 42.38
2 0.9890 277.28 0.93 317.02 42.22
0 0.9886 277.06 241.29 317.85 281.15
0 0.9877 198.73 241.35 237.99 281.05
9 0.9877 2.13 2.18 43.23 42.41
0 0.9874 237.94 241.25 277.12 281.14
3 0.9872 277.03 281.15 317.84 319.99
0 0.9871 121.26 241.35 160.10 281.16
6 0.9866 2.23 42.43 43.33 82.14
6 0.9863 82.40 42.35 121.47 82.11
6 0.9860 43.25 42.22 82.43 82.13
0 0.9859 160.05 201.61 198.88 241.26
2 0.9857 198.69 281.01 238.05 320.00
6 0.9857 198.84 42.27 238.25 82.14
6 0.9856 277.21 42.19 317.08 82.07
0 0.9856 1.94 241.24 43.39 281.16
0 0.9852 82.08 241.20 121.35 281.19
11 0.9851 121.38 1.10 160.12 42.23
6 0.9849 121.29 121.85 160.14 161.81
1 0.9839 43.16 281.12 82.12 320.00
5 0.9834 160.30 281.17 198.82 320.00
1 0.9820 238.08 281.14 277.09 319.98
