7 0.9916 43.19 1.37 82.19 42.29
7 0.9909 238.21 1.45 277.49 42.41
8 0.9895 199.05 1.23 238.23 42.32
0 0.9888 277.19 241.29 317.70 281.14
0 0.9883 82.16 241.18 121.30 281.15
10 0.9881 121.45 1.91 160.19 42.30
8 0.9873 2.05 82.10 43.45 122.06
0 0.9871 237.94 241.21 277.24 281.12
0 0.9871 198.88 241.27 237.90 281.08
0 0.9870 121.24 241.34 160.05 281.13
0 0.9870 159.94 161.70 198.96 201.61
0 0.9870 43.30 241.32 82.16 281.14
2 0.9870 82.17 281.11 121.28 320.00
1 0.9869 198.86 201.57 237.94 241.29
6 0.9868 238.25 42.39 277.40 82.13
9 0.9868 2.26 2.07 43.20 42.40
11 0.9867 121.43 42.26 160.22 82.12
6 0.9867 160.18 42.34 199.14 82.14
6 0.9865 121.35 161.80 160.01 201.56
6 0.9863 43.18 42.22 82.41 82.13
6 0.9863 82.38 42.34 121.49 82.12
6 0.9862 277.24 42.28 317.23 82.13
0 0.9861 1.83 241.25 43.38 281.14
6 0.9860 198.97 42.32 238.32 82.17
6 0.9859 2.58 42.44 43.27 82.08
3 0.9857 277.16 281.15 317.87 320.00
1 0.9853 1.66 201.63 43.39 241.17
5 0.9845 160.20 281.21 198.93 320.00
4 0.9844 121.23 281.09 160.29 320.00
9 0.9843 277.46 1.68 317.08 42.27
3 0.9832 1.96 281.17 43.13 320.00
