7 0.9915 43.20 1.30 82.18 42.30
8 0.9889 198.77 1.08 237.93 42.34
0 0.9886 277.07 241.29 317.79 281.14
10 0.9882 121.30 1.70 160.07 42.32
0 0.9880 121.37 161.82 160.08 201.57
0 0.9879 198.76 241.34 237.98 281.04
9 0.9877 237.92 1.55 277.20 42.40
6 0.9876 121.34 121.88 160.13 161.82
0 0.9875 237.93 241.25 277.12 281.13
0 0.9875 160.02 161.74 198.93 201.61
9 0.9871 2.11 2.06 43.21 42.42
6 0.9871 237.94 42.40 277.14 82.16
3 0.9871 277.03 281.14 317.76 319.99
0 0.9870 43.34 241.34 82.28 281.17
6 0.9869 160.15 122.00 198.89 161.77
6 0.9867 2.22 42.44 43.29 82.14
6 0.9866 82.32 42.36 121.36 82.11
0 0.9864 1.68 241.24 43.43 281.16
2 0.9863 121.43 241.30 160.14 281.08
6 0.9862 43.21 42.24 82.34 82.13
6 0.9861 277.01 42.32 317.65 82.14
6 0.9861 198.72 42.33 237.95 82.15
2 0.9858 198.71 280.99 238.04 320.00
3 0.9857 1.68 281.19 43.23 320.00
11 0.9850 160.01 1.01 198.94 42.38
0 0.9850 82.25 241.21 121.48 281.17
5 0.9849 160.30 281.10 198.83 320.00
8 0.9846 121.28 281.03 160.36 320.00
1 0.9844 43.18 281.13 82.28 320.00
1 0.9817 238.07 281.13 277.08 319.98
