7 0.9911 43.17 1.47 82.20 42.29
0 0.9878 121.24 161.81 160.07 201.55
9 0.9877 2.20 2.16 43.18 42.40
6 0.9874 121.23 121.88 160.09 161.82
0 0.9873 198.57 241.33 237.84 281.06
0 0.9868 237.79 241.25 276.88 281.11
3 0.9866 276.84 281.12 318.82 320.00
0 0.9865 159.73 241.23 198.73 281.16
6 0.9865 198.71 82.16 237.86 121.94
6 0.9864 82.34 42.35 121.38 82.12
6 0.9862 2.34 42.43 43.28 82.14
6 0.9861 237.80 82.11 277.11 122.01
11 0.9861 160.24 42.37 198.82 82.12
6 0.9860 43.19 42.23 82.37 82.13
6 0.9858 277.12 42.29 317.36 82.12
2 0.9857 198.63 281.06 237.93 320.00
0 0.9851 2.03 241.21 43.21 281.16
4 0.9850 82.12 201.49 121.20 241.14
9 0.9833 277.35 1.72 317.12 42.29
5 0.9825 121.10 281.08 159.81 320.00
