7 0.9908 238.06 1.34 277.40 42.41
0 0.9896 82.30 241.20 121.46 281.18
0 0.9887 277.19 241.29 317.68 281.14
10 0.9885 121.31 1.75 160.05 42.33
0 0.9877 160.03 161.73 198.92 201.60
8 0.9873 82.23 1.10 121.38 42.37
7 0.9872 82.39 281.17 121.36 320.00
0 0.9870 121.39 241.34 160.18 281.14
6 0.9870 2.22 42.43 43.32 82.14
0 0.9870 43.34 241.33 82.28 281.18
0 0.9870 237.93 241.21 277.24 281.12
0 0.9870 198.85 241.27 237.89 281.08
1 0.9869 198.86 201.57 237.93 241.29
6 0.9869 160.17 122.00 198.92 161.76
6 0.9867 238.09 42.38 277.29 82.16
6 0.9865 82.36 42.34 121.40 82.11
0 0.9864 1.69 241.24 43.44 281.16
9 0.9863 2.16 2.00 43.20 42.41
1 0.9863 43.17 281.15 82.35 319.98
6 0.9862 277.17 42.29 317.39 82.13
6 0.9861 43.23 42.23 82.38 82.13
8 0.9861 43.35 161.76 82.26 201.49
6 0.9860 121.28 42.27 160.17 82.13
6 0.9859 198.73 42.29 238.11 82.14
2 0.9858 82.29 161.63 121.38 201.55
3 0.9857 1.72 281.19 43.23 320.00
3 0.9857 277.17 281.15 317.82 320.00
11 0.9846 159.98 1.04 198.93 42.38
9 0.9845 277.36 1.63 317.20 42.27
5 0.9835 160.38 281.17 198.92 320.00
