7 0.9912 237.83 1.71 277.05 42.36
10 0.9893 277.11 121.96 317.81 161.67
7 0.9889 43.36 1.85 82.07 42.14
6 0.9872 121.32 161.74 160.11 201.53
0 0.9872 160.06 161.73 199.08 201.58
6 0.9866 160.17 121.95 198.88 161.77
0 0.9865 198.92 241.31 237.87 281.11
2 0.9864 2.54 1.57 43.38 42.25
11 0.9860 160.11 42.41 198.69 82.04
6 0.9858 237.89 42.31 277.02 82.10
8 0.9858 198.78 1.25 237.75 42.29
6 0.9855 2.69 42.24 43.38 82.03
0 0.9853 121.36 201.48 160.21 241.25
0 0.9849 2.08 241.18 43.48 281.18
6 0.9849 82.30 121.92 121.36 161.69
0 0.9845 82.18 241.20 121.48 281.17
5 0.9835 160.20 241.14 199.01 281.12
