7 0.9896 82.53 82.10 121.51 121.98
8 0.9888 198.91 1.23 238.06 42.31
0 0.9884 277.18 241.29 317.66 281.15
0 0.9881 82.33 241.15 121.66 281.23
9 0.9875 82.31 281.22 121.59 320.00
0 0.9871 121.53 241.33 160.23 281.15
0 0.9871 198.85 241.31 237.97 281.15
6 0.9871 160.23 121.99 198.97 161.72
0 0.9868 237.97 241.24 277.23 281.12
6 0.9867 238.06 42.41 277.30 82.14
6 0.9863 2.13 42.39 43.42 82.13
6 0.9861 82.33 42.29 121.37 82.13
2 0.9860 82.27 1.41 121.33 42.31
6 0.9860 277.13 42.30 317.42 82.13
3 0.9858 277.16 281.15 317.84 320.00
6 0.9858 198.84 42.30 238.10 82.14
0 0.9858 1.66 241.22 43.47 281.17
11 0.9849 160.14 1.05 199.06 42.35
9 0.9846 277.35 1.71 317.28 42.27
5 0.9832 121.44 281.12 160.32 320.00
