7 0.9918 43.25 1.52 82.27 42.27
7 0.9910 238.13 1.55 277.37 42.40
0 0.9880 82.40 241.21 121.48 281.14
0 0.9879 277.29 241.30 317.33 281.12
9 0.9878 2.07 2.19 43.26 42.40
0 0.9876 160.12 161.73 199.08 201.60
6 0.9873 160.28 122.01 199.01 161.76
6 0.9871 121.51 82.13 160.24 121.90
2 0.9871 82.42 281.10 121.47 320.00
0 0.9869 43.37 241.34 82.39 281.17
6 0.9869 198.92 82.14 238.01 121.93
1 0.9868 121.51 2.05 160.21 42.26
6 0.9868 2.14 42.42 43.34 82.14
11 0.9864 121.45 42.23 160.21 82.13
6 0.9864 238.17 42.38 277.28 82.14
8 0.9863 199.01 1.27 238.12 42.27
0 0.9862 1.58 241.24 43.46 281.16
6 0.9862 43.22 42.22 82.40 82.13
3 0.9860 277.24 281.13 317.75 320.00
2 0.9859 198.82 281.00 238.19 320.00
3 0.9859 1.61 281.19 43.26 320.00
1 0.9856 43.23 281.13 82.44 319.99
6 0.9853 277.21 201.53 317.23 241.25
5 0.9843 160.52 281.12 198.96 320.00
9 0.9841 277.35 1.76 317.58 42.23
8 0.9839 121.41 281.05 160.58 320.00
