7 0.9908 238.09 1.35 277.43 42.42
8 0.9893 198.94 1.10 238.10 42.33
7 0.9893 43.20 1.21 82.16 42.25
0 0.9887 277.09 241.29 317.76 281.14
0 0.9879 121.33 161.82 160.12 201.56
6 0.9879 121.30 121.87 160.13 161.82
2 0.9878 121.27 0.85 160.21 42.28
0 0.9877 198.74 241.27 237.93 281.03
0 0.9870 237.87 241.21 277.14 281.10
0 0.9870 43.34 241.34 82.28 281.17
1 0.9869 198.80 201.57 237.85 241.30
6 0.9869 238.10 42.39 277.32 82.17
9 0.9868 2.14 2.00 43.22 42.43
6 0.9866 160.07 82.09 198.96 122.03
6 0.9866 82.33 42.35 121.35 82.11
0 0.9864 1.69 241.24 43.43 281.16
6 0.9864 2.16 42.43 43.39 82.11
6 0.9862 277.20 42.30 317.34 82.14
6 0.9861 198.85 42.32 238.12 82.16
2 0.9859 198.78 281.04 238.04 320.00
3 0.9858 277.07 281.15 317.90 320.00
3 0.9857 1.72 281.19 43.22 320.00
6 0.9855 43.37 82.12 82.34 121.87
0 0.9853 82.24 241.21 121.39 281.18
11 0.9848 160.14 0.85 199.09 42.35
9 0.9847 277.38 1.62 317.18 42.28
1 0.9846 43.17 281.13 82.26 320.00
5 0.9845 160.36 281.13 198.84 320.00
8 0.9843 121.25 281.05 160.42 320.00
