7 0.9908 238.15 1.46 277.44 42.40
8 0.9895 199.01 1.24 238.16 42.32
0 0.9886 277.00 241.29 317.84 281.14
2 0.9879 121.41 1.02 160.28 42.27
0 0.9879 121.36 161.82 160.18 201.56
6 0.9877 121.38 121.88 160.23 161.82
0 0.9877 198.70 241.32 237.96 281.05
0 0.9874 237.92 241.24 277.06 281.13
3 0.9872 276.94 281.14 317.87 319.99
6 0.9869 2.20 42.41 43.38 82.13
9 0.9869 2.12 2.10 43.25 42.39
6 0.9868 238.18 42.39 277.36 82.14
6 0.9867 160.30 42.34 199.04 82.12
0 0.9865 159.90 241.21 198.88 281.15
1 0.9864 43.07 281.12 82.24 319.98
0 0.9862 1.80 241.24 43.43 281.15
2 0.9862 198.70 281.01 238.02 320.00
6 0.9861 277.21 42.29 317.29 82.14
6 0.9860 198.90 42.31 238.19 82.18
3 0.9856 1.97 281.18 43.14 320.00
6 0.9853 82.41 82.05 121.63 122.02
11 0.9849 160.21 1.01 199.17 42.36
9 0.9848 277.39 1.71 317.15 42.27
5 0.9833 82.25 281.16 121.24 320.00
1 0.9817 238.05 281.14 277.00 319.97
