7 0.9893 43.34 1.68 82.24 42.16
7 0.9892 277.04 82.14 317.60 121.91
0 0.9878 277.28 241.26 317.63 281.14
9 0.9874 198.96 2.18 238.04 42.25
0 0.9873 43.42 241.31 82.44 281.15
0 0.9873 198.93 241.32 238.07 281.16
3 0.9872 277.23 281.15 317.68 319.99
6 0.9865 2.37 122.03 43.37 161.73
11 0.9864 121.47 42.19 160.13 82.11
2 0.9864 2.27 1.28 43.35 42.25
6 0.9862 121.47 161.77 160.20 201.54
6 0.9860 82.41 42.30 121.55 82.11
6 0.9858 198.90 42.26 238.13 82.12
0 0.9857 2.21 161.76 43.44 201.62
6 0.9851 277.13 42.26 317.45 82.11
1 0.9849 82.48 201.54 121.57 241.20
0 0.9844 82.41 241.23 121.61 281.13
3 0.9839 1.31 281.17 43.30 320.00
5 0.9836 121.58 241.20 160.23 281.09
1 0.9833 238.22 281.18 277.29 319.99
