7 0.9915 43.31 1.29 82.19 42.40
7 0.9904 276.56 82.29 319.29 122.06
5 0.9892 160.09 281.19 198.83 320.00
10 0.9890 121.21 1.87 159.96 42.45
0 0.9887 276.84 241.36 319.21 281.09
8 0.9884 198.63 0.56 237.68 42.42
0 0.9883 198.79 241.33 237.70 281.07
6 0.9882 1.57 42.49 43.31 82.13
11 0.9881 159.86 0.97 198.82 42.44
6 0.9880 82.25 42.44 121.19 82.14
6 0.9880 159.95 121.99 198.79 161.77
9 0.9879 1.32 1.83 43.29 42.51
6 0.9877 237.75 42.45 276.73 82.11
0 0.9875 237.72 241.31 276.82 281.07
8 0.9873 82.14 0.81 121.29 42.50
0 0.9872 159.90 161.75 198.88 201.49
0 0.9868 121.22 241.32 159.97 281.11
6 0.9867 43.23 42.35 82.27 82.10
6 0.9867 121.14 42.41 160.07 82.15
6 0.9867 276.67 42.30 319.25 82.33
0 0.9867 43.31 241.36 82.19 281.15
9 0.9866 276.77 1.43 319.11 42.35
6 0.9864 198.58 42.37 237.82 82.19
2 0.9863 82.18 281.06 121.16 319.99
3 0.9863 276.79 281.05 318.68 319.94
2 0.9862 198.71 280.99 237.99 319.97
0 0.9862 82.16 241.24 121.22 281.05
0 0.9860 1.57 241.30 43.39 281.23
4 0.9852 121.09 281.11 160.17 320.00
1 0.9839 43.17 281.04 82.26 320.00
3 0.9837 1.36 281.22 43.21 320.00
1 0.9827 238.00 281.01 276.82 319.98
