7 0.9918 43.23 1.36 82.25 42.29
7 0.9908 238.10 1.38 277.41 42.41
8 0.9894 198.93 1.12 238.11 42.33
0 0.9886 277.29 241.30 317.51 281.14
0 0.9882 82.33 241.21 121.46 281.14
2 0.9877 43.27 121.73 82.41 161.79
0 0.9873 198.91 241.33 238.05 281.14
2 0.9872 82.37 281.10 121.43 320.00
9 0.9871 2.12 2.09 43.24 42.41
0 0.9871 121.41 241.35 160.20 281.11
0 0.9870 238.05 241.25 277.33 281.12
0 0.9869 43.35 241.34 82.31 281.17
6 0.9868 238.14 42.39 277.31 82.17
6 0.9867 2.19 42.43 43.33 82.15
6 0.9866 160.27 42.37 198.97 82.13
0 0.9864 1.68 241.25 43.44 281.16
10 0.9864 121.51 161.81 160.09 201.57
6 0.9862 43.20 42.24 82.40 82.15
6 0.9861 277.19 42.29 317.31 82.14
6 0.9860 198.84 42.33 238.17 82.18
0 0.9859 160.02 161.71 199.05 201.61
3 0.9857 1.67 281.19 43.25 320.00
3 0.9856 277.28 281.15 317.67 320.00
1 0.9853 43.21 281.13 82.40 319.99
6 0.9852 82.38 82.07 121.57 122.03
11 0.9851 160.16 0.90 199.09 42.39
9 0.9847 277.36 1.66 317.16 42.27
5 0.9845 160.42 281.15 198.98 320.00
8 0.9841 121.37 281.07 160.47 320.00
