7 0.9908 238.08 1.51 277.38 42.39
7 0.9897 82.29 82.11 121.40 122.01
0 0.9888 277.00 241.30 318.02 281.15
0 0.9879 121.30 161.84 160.05 201.58
0 0.9877 198.64 241.33 237.93 281.06
0 0.9874 237.88 241.25 277.05 281.13
6 0.9874 121.29 121.90 160.05 161.84
4 0.9873 2.56 1.72 43.05 42.29
3 0.9873 276.93 281.14 318.00 319.99
0 0.9871 43.24 241.32 82.14 281.15
6 0.9869 160.01 122.00 198.84 161.77
8 0.9866 82.06 1.18 121.34 42.35
0 0.9865 159.86 241.22 198.82 281.18
6 0.9865 238.11 42.37 277.27 82.16
6 0.9862 277.13 42.28 317.47 82.13
2 0.9860 198.62 281.01 237.98 320.00
6 0.9860 2.31 122.08 43.26 161.75
0 0.9860 1.86 241.25 43.33 281.14
6 0.9856 198.67 42.29 238.19 82.15
11 0.9854 121.27 1.05 159.96 42.22
0 0.9851 82.11 241.19 121.30 281.19
1 0.9851 1.79 201.64 43.31 241.18
9 0.9849 277.33 1.77 317.31 42.26
5 0.9834 160.07 281.13 198.75 320.00
3 0.9833 1.99 281.18 43.10 320.00
1 0.9819 238.01 281.14 276.99 319.97
