7 0.9908 238.01 1.35 277.38 42.41
7 0.9897 82.48 82.11 121.46 121.99
8 0.9894 198.80 1.11 238.01 42.33
0 0.9888 277.02 241.29 317.94 281.14
0 0.9887 121.31 121.90 160.17 161.79
10 0.9884 121.18 1.77 160.00 42.27
0 0.9879 198.74 241.34 237.91 281.03
0 0.9877 121.30 161.79 160.13 201.57
0 0.9876 237.86 241.25 277.07 281.12
8 0.9876 82.13 1.17 121.26 42.37
2 0.9873 82.27 281.12 121.28 320.00
3 0.9871 276.96 281.14 317.95 319.99
6 0.9871 82.35 42.37 121.35 82.16
0 0.9870 43.35 241.35 82.21 281.17
6 0.9870 160.07 42.36 198.86 82.12
6 0.9869 2.11 42.43 43.34 82.11
6 0.9869 238.05 42.39 277.30 82.17
0 0.9866 1.65 241.24 43.44 281.16
9 0.9864 2.14 2.00 43.14 42.41
6 0.9862 277.18 42.29 317.36 82.14
2 0.9862 198.70 280.99 237.98 320.00
6 0.9861 43.17 42.23 82.35 82.15
6 0.9861 198.75 42.33 238.06 82.18
0 0.9857 82.23 161.67 121.39 201.59
3 0.9856 1.69 281.19 43.23 320.00
11 0.9854 159.95 1.06 198.96 42.38
1 0.9851 43.18 281.12 82.30 320.00
9 0.9849 277.32 1.63 317.22 42.28
5 0.9847 160.14 281.18 198.80 320.00
4 0.9843 121.25 281.08 160.22 320.00
1 0.9818 237.94 281.13 276.98 319.95
