7 0.9908 238.05 1.46 277.39 42.40
8 0.9893 198.83 1.21 238.05 42.33
7 0.9893 43.15 1.52 81.99 42.17
0 0.9884 277.17 241.30 317.40 281.13
0 0.9872 198.86 241.30 237.95 281.14
0 0.9870 237.97 241.24 277.22 281.11
0 0.9869 43.33 241.32 82.27 281.17
0 0.9869 159.98 161.68 198.96 201.59
2 0.9868 2.47 1.13 43.14 42.30
6 0.9866 238.07 42.39 277.27 82.16
0 0.9864 1.72 241.23 43.42 281.15
6 0.9863 2.49 42.30 43.27 82.10
6 0.9863 82.20 42.33 121.28 82.08
6 0.9861 121.39 161.76 160.05 201.54
6 0.9861 121.35 121.86 160.07 161.77
6 0.9861 277.13 42.28 317.36 82.13
6 0.9858 198.74 42.32 238.13 82.14
3 0.9858 1.77 281.18 43.21 320.00
3 0.9856 277.15 281.14 317.80 320.00
1 0.9855 277.12 201.48 317.83 241.28
0 0.9851 82.24 241.20 121.42 281.17
11 0.9851 121.17 1.04 159.99 42.22
1 0.9851 43.16 281.13 82.25 320.00
9 0.9849 277.35 1.74 317.23 42.26
5 0.9832 121.28 281.08 160.18 320.00
