7 0.9916 43.23 1.32 82.25 42.29
8 0.9889 199.08 1.09 238.19 42.33
0 0.9885 277.28 241.29 317.62 281.14
7 0.9885 277.02 82.19 317.70 121.92
1 0.9873 199.02 201.57 238.07 241.29
0 0.9873 198.98 241.28 238.03 281.09
9 0.9872 2.12 2.08 43.25 42.42
6 0.9870 238.19 42.43 277.42 82.16
0 0.9870 238.06 241.20 277.32 281.12
0 0.9870 43.36 241.33 82.31 281.18
6 0.9868 2.10 42.42 43.41 82.10
0 0.9864 1.69 241.24 43.45 281.16
6 0.9864 82.44 42.35 121.49 82.10
0 0.9864 121.38 121.88 160.26 161.76
0 0.9863 160.19 122.02 199.09 161.72
6 0.9861 43.26 42.23 82.46 82.13
6 0.9859 277.27 42.33 317.22 82.17
6 0.9858 199.02 42.32 238.26 82.14
3 0.9857 1.71 281.19 43.23 320.00
3 0.9856 277.26 281.15 317.78 320.00
0 0.9851 82.28 241.21 121.44 281.17
11 0.9850 121.41 0.98 160.23 42.23
1 0.9849 43.18 281.14 82.28 320.00
2 0.9849 160.15 241.20 199.11 281.13
9 0.9841 277.46 1.61 317.17 42.29
5 0.9834 121.33 281.07 160.30 320.00
