7 0.9908 238.23 1.36 277.40 42.42
7 0.9907 82.35 241.24 121.48 281.16
0 0.9887 276.95 241.30 318.05 281.16
9 0.9886 82.35 1.83 121.43 42.37
0 0.9877 198.73 241.35 237.92 281.05
2 0.9876 82.36 281.11 121.44 320.00
3 0.9876 276.92 281.15 317.99 320.00
0 0.9874 237.87 241.25 277.00 281.14
0 0.9872 43.41 241.35 82.31 281.18
8 0.9868 160.31 42.45 198.95 82.09
6 0.9867 82.53 42.35 121.52 82.11
0 0.9865 121.38 241.36 160.19 281.16
6 0.9865 2.02 42.43 43.42 82.15
6 0.9864 238.27 42.39 277.30 82.18
6 0.9860 198.87 42.34 238.26 82.16
6 0.9860 160.10 161.72 198.96 201.63
6 0.9859 277.09 121.91 317.62 161.77
2 0.9854 198.68 281.01 237.99 320.00
11 0.9849 160.19 0.85 199.08 42.45
1 0.9846 43.32 281.12 82.36 320.00
9 0.9837 277.37 1.61 317.65 42.26
5 0.9835 160.37 281.17 198.80 320.00
1 0.9822 238.02 281.15 276.97 319.97
