7 0.9916 43.24 1.40 82.21 42.29
7 0.9908 238.09 1.43 277.43 42.41
8 0.9893 198.91 1.20 238.09 42.33
0 0.9887 277.05 241.29 317.86 281.14
0 0.9880 121.36 161.82 160.08 201.57
2 0.9879 121.32 0.96 160.22 42.27
0 0.9879 198.72 241.34 237.94 281.04
6 0.9877 121.34 121.87 160.14 161.82
0 0.9875 160.02 161.73 198.96 201.61
0 0.9875 237.90 241.24 277.10 281.12
3 0.9871 277.00 281.14 317.84 319.99
0 0.9870 43.34 241.33 82.30 281.17
6 0.9869 160.18 122.00 198.96 161.76
6 0.9868 238.11 42.39 277.33 82.17
6 0.9866 82.35 42.34 121.38 82.10
9 0.9865 2.08 1.91 43.27 42.38
6 0.9865 1.93 82.08 43.42 122.08
0 0.9864 1.69 241.24 43.43 281.16
6 0.9862 43.24 42.23 82.36 82.12
6 0.9862 277.21 42.29 317.33 82.14
6 0.9859 198.84 42.32 238.12 82.15
2 0.9857 198.67 281.00 238.01 320.00
3 0.9857 1.74 281.19 43.22 320.00
0 0.9852 82.27 241.21 121.42 281.17
9 0.9849 277.38 1.70 317.18 42.27
11 0.9848 160.14 0.94 199.07 42.34
1 0.9845 43.17 281.13 82.29 320.00
5 0.9845 160.33 281.12 198.79 320.00
8 0.9842 121.29 281.05 160.39 320.00
1 0.9817 238.03 281.13 277.05 319.98
