7 0.9901 238.28 1.67 277.41 42.35
2 0.9897 277.25 1.09 317.18 42.19
7 0.9893 2.11 1.98 43.11 42.34
0 0.9883 43.25 161.82 82.14 201.53
3 0.9878 276.76 281.12 318.86 320.00
6 0.9875 43.25 121.85 82.23 161.82
0 0.9875 159.96 161.70 198.92 201.56
0 0.9873 277.08 161.71 317.72 201.47
0 0.9871 198.63 241.34 237.83 281.06
0 0.9871 237.78 241.24 276.84 281.14
0 0.9868 43.34 241.32 82.18 281.18
6 0.9867 160.21 122.00 198.98 161.75
11 0.9862 121.52 42.21 160.11 82.11
6 0.9862 121.27 161.75 160.03 201.54
2 0.9858 198.71 281.07 237.95 320.00
6 0.9857 277.14 42.16 317.26 82.05
0 0.9856 121.21 201.50 160.08 241.23
6 0.9855 198.85 42.24 238.32 82.14
5 0.9839 160.00 241.18 198.77 281.13
1 0.9838 43.32 281.13 82.29 320.00
1 0.9828 237.95 281.15 276.80 319.97
