7 0.9918 43.29 1.43 82.31 42.29
7 0.9901 238.18 1.44 277.51 42.44
0 0.9885 277.12 241.30 317.73 281.15
0 0.9880 82.46 241.22 121.56 281.15
9 0.9877 1.97 2.12 43.30 42.42
0 0.9874 121.51 241.37 160.33 281.12
3 0.9872 277.13 281.15 317.69 319.98
2 0.9871 82.46 281.11 121.53 320.00
4 0.9871 121.43 1.82 160.24 42.22
0 0.9871 238.03 241.25 277.18 281.14
0 0.9871 43.39 241.35 82.45 281.18
6 0.9869 2.02 42.44 43.38 82.15
6 0.9868 160.30 42.34 199.12 82.14
2 0.9867 198.79 281.01 238.17 320.00
6 0.9866 238.20 121.97 277.18 161.75
6 0.9864 43.26 42.24 82.43 82.14
0 0.9864 1.56 241.25 43.48 281.17
8 0.9863 199.08 1.20 238.24 42.29
1 0.9861 43.24 281.14 82.47 319.99
3 0.9859 1.63 281.20 43.27 320.00
6 0.9858 277.29 42.29 317.22 82.10
11 0.9851 160.20 1.12 199.22 42.36
9 0.9843 277.48 1.67 317.15 42.28
5 0.9840 160.32 201.53 198.91 241.28
8 0.9837 121.49 281.08 160.47 320.00
1 0.9826 238.18 281.15 277.18 319.98
