7 0.9915 43.19 1.32 82.17 42.29
7 0.9891 198.88 82.17 237.89 121.85
8 0.9891 198.89 1.05 238.00 42.33
0 0.9886 277.28 241.29 317.51 281.14
0 0.9883 82.33 241.21 121.44 281.15
10 0.9881 121.28 1.71 160.13 42.30
2 0.9873 82.36 281.10 121.42 320.00
0 0.9873 121.38 241.35 160.22 281.11
9 0.9871 2.12 2.07 43.20 42.42
0 0.9871 238.03 241.21 277.32 281.12
1 0.9871 198.93 201.58 238.00 241.30
6 0.9870 238.01 42.43 277.19 82.18
0 0.9869 43.37 241.34 82.33 281.17
0 0.9869 198.94 241.28 238.00 281.09
6 0.9869 160.17 42.36 198.92 82.13
6 0.9868 2.20 42.44 43.30 82.14
0 0.9865 1.59 241.25 43.46 281.16
6 0.9865 82.34 42.35 121.38 82.10
0 0.9864 121.31 121.87 160.18 161.76
6 0.9862 43.22 42.23 82.35 82.13
6 0.9862 277.05 42.32 317.50 82.14
6 0.9860 198.80 42.33 238.03 82.19
3 0.9857 1.61 281.19 43.25 320.00
3 0.9855 277.28 281.15 317.68 320.00
1 0.9853 43.21 281.13 82.38 319.99
11 0.9851 160.07 1.05 199.06 42.39
5 0.9845 160.46 281.16 199.01 320.00
9 0.9843 277.27 1.57 317.26 42.30
8 0.9842 121.34 281.07 160.51 320.00
