7 0.9931 237.73 1.44 277.00 42.52
7 0.9916 43.33 1.31 82.24 42.38
5 0.9894 160.09 281.22 198.82 320.00
10 0.9893 121.23 1.88 160.03 42.47
8 0.9890 198.70 0.57 237.82 42.44
0 0.9888 276.85 241.36 319.13 281.09
0 0.9884 198.77 241.33 237.71 281.06
11 0.9884 159.93 0.94 198.93 42.49
6 0.9882 1.45 42.49 43.33 82.13
9 0.9882 1.23 1.85 43.31 42.51
6 0.9879 121.27 161.86 159.93 201.46
6 0.9875 237.85 42.45 276.90 82.11
0 0.9875 237.73 241.30 276.84 281.07
6 0.9869 160.06 42.38 198.63 82.08
0 0.9868 43.30 241.36 82.18 281.15
6 0.9867 276.82 42.35 318.51 82.19
6 0.9867 43.24 42.32 82.36 82.10
0 0.9866 159.90 241.23 198.85 281.20
6 0.9866 198.59 42.38 237.92 82.21
6 0.9866 121.19 42.42 160.13 82.13
2 0.9865 82.17 281.05 121.18 319.99
2 0.9865 198.68 280.99 237.99 319.98
3 0.9863 276.80 281.05 318.59 319.94
9 0.9863 276.93 1.53 318.47 42.37
0 0.9862 82.15 241.24 121.28 281.05
0 0.9861 1.53 241.30 43.38 281.23
8 0.9861 82.09 0.70 121.34 42.37
4 0.9853 121.11 281.17 160.18 320.00
1 0.9840 43.18 281.03 82.26 319.97
3 0.9838 1.33 281.21 43.20 320.00
1 0.9828 238.01 281.01 276.82 319.98
