8 0.9906 43.47 121.83 82.52 161.77
7 0.9899 276.96 281.08 317.93 320.00
7 0.9882 43.53 1.85 82.44 42.19
0 0.9877 43.48 161.76 82.42 201.51
9 0.9872 2.04 2.26 43.54 42.35
6 0.9864 160.52 121.95 199.12 161.72
0 0.9863 121.56 121.87 160.45 161.71
0 0.9861 2.08 241.27 43.51 281.24
6 0.9859 2.11 201.60 43.46 241.23
11 0.9858 160.62 42.40 198.98 82.03
6 0.9854 238.06 82.04 277.29 121.95
6 0.9851 277.16 42.24 317.31 82.09
5 0.9843 160.11 241.13 198.95 281.15
3 0.9839 2.12 281.19 43.30 320.00
1 0.9829 237.96 281.13 277.08 319.97
