7 0.9914 43.24 1.29 82.28 42.29
7 0.9909 238.05 1.37 277.41 42.41
0 0.9888 277.10 241.29 317.86 281.14
10 0.9885 121.30 1.76 160.06 42.33
0 0.9880 82.39 121.97 121.36 161.75
0 0.9880 82.25 241.19 121.31 281.14
0 0.9880 198.77 241.35 237.97 281.03
0 0.9877 237.93 241.25 277.15 281.12
8 0.9875 82.25 1.11 121.37 42.37
2 0.9872 82.26 281.10 121.30 320.00
6 0.9871 2.01 42.43 43.41 82.11
3 0.9870 277.03 281.14 317.85 319.99
0 0.9870 43.34 241.33 82.28 281.14
6 0.9869 160.22 122.00 198.96 161.74
9 0.9868 2.08 2.05 43.25 42.42
6 0.9868 238.10 42.38 277.31 82.16
0 0.9866 1.62 241.24 43.43 281.15
6 0.9864 82.39 42.34 121.41 82.12
6 0.9863 43.26 42.22 82.41 82.13
6 0.9862 277.20 42.29 317.37 82.13
2 0.9862 198.73 280.99 238.03 320.00
0 0.9861 160.10 201.58 198.91 241.24
6 0.9860 121.28 42.27 160.19 82.14
6 0.9859 198.73 42.29 238.12 82.14
9 0.9847 277.37 1.65 317.20 42.27
11 0.9846 159.99 1.05 198.92 42.38
1 0.9846 82.31 201.54 121.31 241.23
5 0.9845 160.21 281.18 198.84 320.00
4 0.9841 121.28 281.08 160.30 320.00
3 0.9836 1.72 281.18 43.20 320.00
1 0.9818 237.99 281.13 277.05 319.95
