7 0.9916 43.27 1.30 82.31 42.30
7 0.9909 238.17 1.42 277.46 42.41
8 0.9895 199.04 1.16 238.18 42.32
10 0.9891 43.40 121.86 82.38 161.83
0 0.9884 277.33 241.29 317.43 281.13
0 0.9883 82.37 241.21 121.49 281.14
0 0.9880 198.95 161.81 238.14 201.54
0 0.9873 238.15 241.24 277.37 281.13
0 0.9872 121.44 241.34 160.26 281.11
2 0.9871 82.40 281.10 121.47 320.00
0 0.9870 43.38 241.34 82.35 281.17
6 0.9868 238.20 42.39 277.38 82.14
6 0.9868 2.09 42.44 43.37 82.16
9 0.9868 2.06 2.07 43.28 42.43
3 0.9867 277.28 281.14 317.45 319.98
0 0.9867 1.53 241.25 43.47 281.16
6 0.9866 82.53 42.36 121.48 82.11
6 0.9865 160.33 42.36 199.07 82.14
6 0.9865 121.46 161.79 160.25 201.56
6 0.9864 43.29 42.23 82.55 82.15
0 0.9863 160.23 122.02 199.04 161.71
6 0.9861 277.24 42.29 317.23 82.13
6 0.9861 198.94 42.32 238.23 82.18
3 0.9858 1.56 281.19 43.27 320.00
1 0.9852 43.24 281.13 82.42 319.99
11 0.9851 160.23 0.93 199.19 42.39
9 0.9847 277.42 1.70 317.09 42.27
5 0.9844 160.46 281.15 199.01 320.00
8 0.9842 121.41 281.07 160.52 320.00
1 0.9825 238.27 281.14 277.29 319.96
