7 0.9913 43.21 1.39 82.24 42.29
7 0.9902 160.36 42.34 198.97 82.10
0 0.9882 277.26 241.28 317.64 281.14
9 0.9878 2.12 2.12 43.22 42.41
0 0.9876 198.80 241.34 238.03 281.15
3 0.9875 277.16 281.14 317.75 319.99
0 0.9871 43.39 161.81 82.37 201.54
0 0.9870 43.38 241.34 82.31 281.18
6 0.9869 238.33 42.40 277.43 82.15
6 0.9864 2.20 42.43 43.34 82.15
0 0.9863 160.29 122.01 199.16 161.70
6 0.9863 82.46 42.35 121.55 82.11
0 0.9863 121.47 121.87 160.36 161.75
0 0.9862 1.67 241.24 43.47 281.17
6 0.9859 43.25 42.23 82.50 82.14
3 0.9859 1.71 281.19 43.25 320.00
6 0.9859 277.32 42.30 317.15 82.13
1 0.9854 43.20 281.14 82.31 320.00
11 0.9851 121.43 1.06 160.24 42.23
10 0.9845 198.84 281.12 238.08 320.00
1 0.9840 238.11 281.20 277.23 320.00
9 0.9836 277.45 1.66 317.07 42.28
5 0.9829 121.31 281.07 160.17 320.00
