7 0.9905 198.67 82.16 237.83 121.88
3 0.9877 276.86 281.13 318.74 320.00
0 0.9873 198.71 241.32 237.81 281.17
0 0.9871 237.84 241.24 276.90 281.16
8 0.9870 2.20 1.26 43.41 42.23
0 0.9869 277.13 161.71 317.58 201.48
0 0.9859 198.73 121.89 237.93 161.75
2 0.9858 237.79 82.06 277.06 121.91
11 0.9857 160.24 42.33 198.76 82.10
6 0.9857 238.07 42.31 277.04 82.09
0 0.9852 1.78 241.22 43.50 281.20
0 0.9844 82.23 241.17 121.42 281.21
5 0.9834 43.40 241.24 82.23 281.12
1 0.9833 238.00 281.17 276.91 319.99
