7 0.9892 277.16 281.15 316.91 320.00
0 0.9882 43.57 161.73 82.49 201.45
6 0.9869 43.53 121.85 82.59 161.73
0 0.9867 277.36 241.25 317.19 281.13
6 0.9864 199.12 82.13 238.12 121.94
11 0.9862 121.92 42.16 160.69 82.11
6 0.9856 160.67 42.32 199.37 82.05
0 0.9856 199.14 121.92 238.22 161.71
6 0.9853 160.35 161.63 199.30 201.54
6 0.9852 82.80 42.29 121.98 82.11
6 0.9847 277.25 42.21 317.16 82.02
6 0.9846 82.69 82.09 121.96 122.01
8 0.9842 1.07 281.37 43.56 320.00
1 0.9838 238.13 281.14 277.27 319.97
5 0.9831 43.52 201.40 82.54 241.20
