0 0.9878 121.44 161.82 160.22 201.58
0 0.9870 43.30 241.32 82.31 281.15
6 0.9869 121.44 121.88 160.21 161.83
0 0.9862 238.20 241.23 277.48 281.18
11 0.9862 121.52 42.21 160.09 82.12
6 0.9860 238.03 42.36 277.17 82.15
1 0.9858 1.83 201.59 43.38 241.23
9 0.9857 1.64 241.25 43.39 281.22
6 0.9855 2.13 122.07 43.36 161.78
6 0.9855 277.04 42.24 317.41 82.12
0 0.9854 160.05 241.21 199.12 281.21
6 0.9853 198.74 42.26 238.12 82.15
0 0.9852 277.43 241.27 317.11 281.08
0 0.9847 82.29 241.19 121.62 281.21
5 0.9830 121.57 241.24 160.15 281.12
