7 0.9904 198.99 42.29 238.09 82.15
0 0.9882 82.38 241.20 121.52 281.16
0 0.9871 121.46 241.34 160.25 281.16
0 0.9869 43.38 241.32 82.38 281.15
2 0.9869 82.38 281.12 121.48 320.00
0 0.9864 238.03 241.23 277.11 281.10
11 0.9864 121.39 42.19 160.13 82.13
0 0.9861 1.59 241.24 43.47 281.16
6 0.9858 82.36 42.30 121.48 82.11
6 0.9858 2.31 42.38 43.32 82.13
6 0.9856 160.11 161.68 199.00 201.58
6 0.9854 43.22 42.18 82.39 82.12
8 0.9851 121.53 82.10 160.15 121.95
3 0.9840 1.71 281.18 43.25 320.00
5 0.9833 160.45 281.18 198.95 320.00
9 0.9827 277.06 281.13 318.74 320.00
