7 0.9915 43.24 1.47 82.29 42.27
7 0.9899 238.01 1.61 277.33 42.35
0 0.9886 276.98 241.29 317.96 281.14
2 0.9882 277.18 0.89 317.26 42.11
0 0.9880 121.35 161.80 160.02 201.53
8 0.9878 82.26 1.27 121.26 42.35
0 0.9877 198.71 241.33 237.90 281.03
9 0.9877 2.10 2.19 43.25 42.39
6 0.9875 121.34 121.87 160.10 161.80
0 0.9874 159.97 161.72 198.91 201.60
0 0.9873 237.86 241.24 277.03 281.11
3 0.9870 276.93 281.13 317.88 319.99
0 0.9869 43.33 241.33 82.24 281.17
6 0.9868 160.17 122.00 198.93 161.75
6 0.9866 2.10 42.40 43.40 82.09
6 0.9865 82.39 42.31 121.38 82.10
8 0.9864 43.35 161.77 82.21 201.50
0 0.9864 82.25 201.51 121.32 241.18
2 0.9862 198.67 280.99 237.96 320.00
0 0.9862 1.78 241.23 43.43 281.15
6 0.9860 43.25 42.20 82.40 82.12
6 0.9858 198.74 42.25 238.09 82.13
3 0.9855 1.84 281.18 43.21 320.00
11 0.9847 160.07 1.16 198.91 42.33
1 0.9846 43.16 281.13 82.28 320.00
5 0.9834 160.21 281.14 198.77 320.00
1 0.9820 237.99 281.13 276.98 319.97
