7 0.9912 82.55 82.14 121.61 122.01
7 0.9884 277.02 42.18 318.19 82.18
0 0.9871 198.81 241.34 238.01 281.18
6 0.9869 121.17 201.57 159.95 241.36
0 0.9869 238.00 241.25 277.23 281.17
0 0.9866 82.05 201.54 121.25 241.20
2 0.9866 2.39 1.24 43.35 42.26
11 0.9864 121.54 42.21 160.10 82.11
6 0.9858 2.54 42.25 43.40 82.11
6 0.9856 159.94 161.70 198.96 201.61
6 0.9854 198.77 42.24 238.11 82.15
6 0.9854 82.35 121.97 121.43 161.78
1 0.9850 42.98 281.15 82.14 320.00
8 0.9846 2.07 281.32 43.03 320.00
0 0.9844 2.23 241.23 43.24 281.22
5 0.9828 121.24 241.33 159.90 281.14
1 0.9824 238.06 281.18 277.07 319.97
