7 0.9895 82.47 82.08 121.51 121.93
7 0.9892 237.96 1.61 277.29 42.38
4 0.9878 277.25 1.70 316.88 42.20
0 0.9878 121.29 161.77 160.12 201.54
0 0.9876 198.70 241.34 237.78 281.05
6 0.9876 121.33 121.85 160.13 161.77
9 0.9869 121.54 2.25 160.06 42.26
0 0.9868 237.75 241.25 276.87 281.08
11 0.9864 121.42 42.21 160.06 82.12
3 0.9864 276.83 281.13 318.72 320.00
6 0.9862 82.40 42.33 121.49 82.14
2 0.9860 198.71 281.03 237.87 320.00
0 0.9859 159.89 241.19 198.88 281.17
6 0.9858 2.41 42.40 43.34 82.06
6 0.9855 198.80 42.28 237.97 82.11
6 0.9854 43.24 42.18 82.40 82.17
6 0.9853 277.11 42.19 317.16 82.05
0 0.9851 2.18 241.18 43.41 281.16
5 0.9845 82.12 241.14 121.27 281.12
