7 0.9907 43.27 1.55 82.42 42.27
9 0.9881 2.10 2.20 43.28 42.39
0 0.9880 198.85 161.79 238.12 201.53
6 0.9866 238.17 42.30 277.17 82.11
2 0.9864 121.41 161.78 160.12 201.51
0 0.9863 238.09 241.24 277.44 281.17
6 0.9862 2.19 42.41 43.36 82.14
0 0.9859 160.04 161.69 198.95 201.57
6 0.9858 43.25 42.21 82.56 82.15
11 0.9858 160.38 42.34 198.83 82.09
6 0.9857 277.10 42.20 317.35 82.12
0 0.9856 277.41 241.28 317.11 281.08
8 0.9856 82.25 1.16 121.35 42.37
1 0.9853 43.25 281.13 82.26 320.00
0 0.9853 1.73 241.26 43.46 281.19
3 0.9851 121.45 281.14 160.32 320.00
6 0.9850 82.45 82.07 121.64 122.03
1 0.9842 238.07 1.48 277.14 42.33
5 0.9834 160.21 201.52 198.93 241.25
