7 0.9915 43.18 1.36 82.24 42.28
7 0.9886 198.79 82.16 237.94 121.84
0 0.9886 277.11 241.29 317.70 281.13
0 0.9882 82.32 121.96 121.33 161.72
0 0.9880 82.30 241.19 121.38 281.13
0 0.9876 160.01 161.73 198.97 201.59
9 0.9873 2.15 2.12 43.18 42.41
0 0.9873 198.75 241.33 237.91 281.15
3 0.9872 277.06 281.14 317.72 319.99
2 0.9872 82.33 281.09 121.38 320.00
0 0.9869 43.35 241.33 82.28 281.17
6 0.9868 160.16 121.99 198.96 161.76
6 0.9868 2.11 42.42 43.36 82.10
6 0.9867 238.14 42.37 277.26 82.16
6 0.9865 82.28 42.31 121.33 82.11
0 0.9865 238.09 201.61 277.10 241.27
2 0.9864 82.22 1.19 121.30 42.33
0 0.9863 1.68 241.24 43.44 281.16
6 0.9861 277.15 42.30 317.32 82.13
6 0.9861 43.21 42.20 82.37 82.13
3 0.9857 1.71 281.19 43.24 320.00
1 0.9855 43.20 281.13 82.35 319.99
6 0.9851 121.30 121.86 160.14 161.82
11 0.9851 121.22 0.93 160.01 42.21
9 0.9840 277.33 1.68 317.12 42.27
5 0.9837 160.29 281.15 198.81 320.00
1 0.9824 238.05 281.16 277.12 319.99
