7 0.9914 121.61 82.15 160.33 121.90
0 0.9881 277.00 241.30 317.61 281.16
9 0.9876 2.24 2.30 43.33 42.37
0 0.9868 237.83 241.23 277.03 281.16
6 0.9863 160.33 42.34 199.15 82.06
11 0.9862 121.67 42.19 160.37 82.17
6 0.9861 2.52 42.38 43.40 82.06
3 0.9858 277.05 281.17 317.72 320.00
6 0.9857 199.01 42.26 238.09 82.12
6 0.9855 237.92 82.02 277.12 121.95
6 0.9854 82.40 42.31 121.67 82.11
6 0.9851 277.11 42.25 317.23 82.09
6 0.9850 121.31 121.90 160.19 161.75
0 0.9845 82.18 241.18 121.46 281.18
5 0.9841 160.08 241.15 198.83 281.17
8 0.9823 1.56 281.30 43.26 320.00
