8 0.9886 82.23 201.55 121.41 241.19
0 0.9880 277.06 241.30 317.47 281.16
2 0.9873 43.15 121.69 82.21 161.74
0 0.9871 198.68 241.31 237.86 281.16
0 0.9868 159.98 161.67 198.94 201.55
0 0.9866 237.88 241.24 277.12 281.12
11 0.9863 121.49 42.19 160.20 82.10
1 0.9861 277.01 201.47 317.85 241.28
6 0.9861 160.23 42.30 199.00 82.13
6 0.9861 198.84 82.15 237.98 121.95
6 0.9860 198.72 42.27 238.24 82.15
0 0.9859 121.27 121.85 160.11 161.74
6 0.9858 277.07 121.89 317.57 161.74
6 0.9858 82.26 42.31 121.57 82.10
3 0.9857 277.03 281.16 317.85 320.00
6 0.9857 2.43 42.39 43.18 82.13
0 0.9847 2.03 241.20 43.34 281.17
0 0.9847 82.18 241.19 121.44 281.19
9 0.9842 277.41 1.98 317.54 42.21
5 0.9835 160.10 201.50 198.80 241.23
