7 0.9907 238.01 1.37 277.35 42.41
8 0.9894 198.84 1.14 238.02 42.33
0 0.9886 277.04 241.29 317.83 281.14
0 0.9880 82.31 241.20 121.40 281.13
10 0.9880 121.36 1.76 160.14 42.31
0 0.9879 121.35 161.83 160.15 201.58
0 0.9878 198.73 241.34 237.95 281.04
6 0.9877 121.33 121.88 160.16 161.83
0 0.9874 237.90 241.24 277.09 281.12
2 0.9872 82.34 281.09 121.39 320.00
3 0.9871 277.00 281.14 317.83 319.99
6 0.9869 160.18 42.36 198.89 82.13
6 0.9868 238.04 42.39 277.26 82.18
6 0.9867 2.29 42.42 43.31 82.13
9 0.9866 2.18 2.02 43.14 42.41
0 0.9864 1.63 241.24 43.48 281.15
6 0.9863 82.26 42.36 121.43 82.11
6 0.9861 277.13 42.30 317.37 82.15
6 0.9861 198.76 42.33 238.07 82.18
2 0.9859 198.69 280.99 238.02 320.00
3 0.9857 1.73 281.18 43.23 320.00
6 0.9855 82.30 82.09 121.52 122.02
11 0.9852 160.07 1.08 199.01 42.39
1 0.9850 43.18 281.11 82.36 319.99
9 0.9848 277.30 1.66 317.23 42.28
5 0.9846 160.33 281.12 198.81 320.00
8 0.9839 121.32 281.04 160.39 320.00
1 0.9817 238.05 281.13 277.06 319.98
