7 0.9895 277.29 1.77 317.64 42.28
10 0.9894 2.62 2.19 43.10 42.31
8 0.9877 198.88 1.52 238.03 42.23
0 0.9870 199.00 241.32 238.17 281.16
0 0.9870 43.38 241.34 82.39 281.20
11 0.9870 198.82 42.24 238.09 82.13
0 0.9862 1.61 241.24 43.48 281.18
6 0.9862 121.50 161.76 160.22 201.54
6 0.9861 82.35 42.33 121.53 82.09
3 0.9861 1.70 281.20 43.27 320.00
6 0.9860 2.50 42.28 43.34 82.10
6 0.9860 238.08 42.36 277.24 82.16
1 0.9858 43.24 281.15 82.41 320.00
6 0.9854 121.42 42.18 160.29 82.14
0 0.9851 277.48 241.25 317.15 281.06
5 0.9829 121.58 241.30 160.22 281.12
