7 0.9916 43.27 1.35 82.27 42.30
7 0.9908 238.04 1.34 277.39 42.41
8 0.9894 198.87 1.10 238.04 42.33
0 0.9886 277.28 241.29 317.56 281.14
0 0.9884 82.33 241.21 121.44 281.14
10 0.9880 121.42 1.75 160.20 42.30
0 0.9873 121.38 241.35 160.19 281.11
2 0.9873 82.35 281.10 121.42 320.00
0 0.9871 43.36 241.34 82.32 281.17
1 0.9871 198.90 201.58 237.99 241.29
0 0.9870 238.02 241.21 277.32 281.12
6 0.9869 160.23 42.36 198.92 82.12
0 0.9869 198.92 241.27 237.99 281.09
6 0.9868 238.07 42.39 277.29 82.17
0 0.9866 1.59 241.24 43.46 281.16
9 0.9865 2.01 1.88 43.29 42.39
6 0.9865 82.41 42.35 121.48 82.10
0 0.9864 121.32 121.87 160.17 161.77
6 0.9864 43.28 42.23 82.42 82.11
6 0.9863 2.10 122.05 43.37 161.75
6 0.9862 277.16 42.30 317.35 82.14
6 0.9861 198.79 42.33 238.10 82.18
3 0.9857 1.64 281.19 43.25 320.00
3 0.9856 277.27 281.15 317.73 320.00
1 0.9853 43.20 281.13 82.38 319.99
11 0.9853 160.13 1.05 199.04 42.39
9 0.9848 277.34 1.63 317.20 42.28
5 0.9845 160.43 281.15 198.99 320.00
8 0.9842 121.35 281.07 160.49 320.00
