7 0.9916 43.25 1.35 82.29 42.30
7 0.9907 238.05 1.46 277.39 42.40
8 0.9894 198.89 1.26 238.06 42.31
2 0.9873 160.27 201.50 199.14 241.27
9 0.9873 2.10 2.06 43.26 42.42
0 0.9871 198.98 241.34 238.21 281.17
1 0.9870 160.33 122.06 198.96 161.73
0 0.9869 43.35 241.34 82.41 281.17
6 0.9868 2.14 42.44 43.36 82.14
6 0.9866 238.08 42.38 277.28 82.16
6 0.9864 82.52 42.37 121.56 82.11
0 0.9863 238.30 201.61 277.37 241.28
6 0.9863 43.29 42.23 82.56 82.13
0 0.9862 1.65 241.24 43.44 281.17
11 0.9861 160.40 42.38 198.88 82.12
6 0.9861 277.15 42.28 317.29 82.12
6 0.9860 198.76 42.32 238.13 82.16
6 0.9853 121.39 42.21 160.45 82.16
0 0.9851 160.13 241.24 199.11 281.19
6 0.9850 160.25 161.72 199.03 201.58
1 0.9847 82.48 201.57 121.53 241.23
0 0.9847 82.33 241.21 121.54 281.21
9 0.9845 277.34 1.70 317.17 42.26
5 0.9841 121.50 241.23 160.16 281.14
3 0.9840 1.75 281.20 43.21 320.00
4 0.9836 121.47 281.12 160.23 319.99
2 0.9785 277.28 280.99 318.12 320.00
