7 0.9908 238.39 1.49 277.52 42.39
7 0.9903 121.45 42.28 160.15 82.14
0 0.9883 198.94 161.78 238.07 201.53
0 0.9882 277.13 241.29 317.68 281.14
0 0.9872 121.39 161.84 160.20 201.56
0 0.9871 43.34 241.33 82.27 281.15
9 0.9871 2.22 2.08 43.13 42.40
3 0.9870 277.05 281.14 317.73 319.99
0 0.9870 238.00 241.25 277.19 281.13
2 0.9868 198.74 281.01 238.11 320.00
6 0.9866 238.44 42.38 277.44 82.13
6 0.9864 160.11 82.10 199.01 122.03
6 0.9863 2.28 42.41 43.33 82.14
8 0.9863 82.05 1.16 121.21 42.38
11 0.9862 82.38 82.01 121.50 121.97
0 0.9861 160.19 122.03 199.00 161.72
8 0.9860 43.36 161.82 82.23 201.52
6 0.9860 198.89 121.89 238.21 161.78
6 0.9859 277.31 42.29 317.16 82.13
0 0.9859 1.78 241.23 43.43 281.16
6 0.9856 43.31 121.84 82.33 161.82
0 0.9851 82.24 241.19 121.53 281.20
5 0.9840 121.46 241.23 160.11 281.09
9 0.9837 277.50 1.71 317.02 42.27
3 0.9836 1.96 281.19 43.18 320.00
1 0.9824 238.13 281.14 277.10 319.97
