7 0.9909 238.12 1.44 277.42 42.40
7 0.9896 82.48 82.11 121.50 121.97
8 0.9895 198.98 1.22 238.13 42.32
0 0.9886 277.14 241.29 317.65 281.14
10 0.9882 121.38 1.90 160.13 42.30
0 0.9880 121.35 161.81 160.13 201.55
0 0.9878 198.74 241.27 238.00 281.04
6 0.9877 121.34 121.86 160.15 161.82
0 0.9871 43.34 241.33 82.29 281.15
1 0.9871 198.85 201.55 237.93 241.30
6 0.9871 82.38 42.36 121.45 82.15
0 0.9870 237.94 241.21 277.19 281.10
6 0.9869 2.28 42.42 43.28 82.13
6 0.9867 238.15 42.39 277.31 82.16
6 0.9867 160.13 42.34 199.06 82.13
11 0.9867 121.37 42.25 160.17 82.11
0 0.9866 159.99 241.24 198.95 281.17
9 0.9865 2.22 2.05 43.13 42.40
0 0.9863 1.64 241.23 43.42 281.15
6 0.9862 43.17 42.23 82.36 82.13
2 0.9862 198.91 161.77 237.99 201.56
2 0.9862 198.72 281.00 238.07 320.00
6 0.9861 277.17 42.29 317.26 82.13
6 0.9860 198.90 42.31 238.19 82.17
3 0.9855 277.11 281.15 317.80 320.00
1 0.9849 82.38 201.54 121.29 241.18
9 0.9844 277.37 1.68 317.10 42.27
5 0.9843 160.27 281.14 198.85 320.00
8 0.9841 121.17 281.05 160.33 320.00
3 0.9838 1.77 281.18 43.20 320.00
