7 0.9907 238.19 1.45 277.46 42.40
7 0.9893 82.48 82.11 121.49 121.99
0 0.9885 277.19 241.30 317.72 281.15
0 0.9882 160.16 122.02 198.98 161.76
2 0.9875 43.28 121.72 82.40 161.76
0 0.9874 198.82 241.33 237.96 281.14
0 0.9874 237.96 241.24 277.24 281.14
8 0.9871 160.22 42.42 198.90 82.09
0 0.9870 43.37 241.32 82.33 281.15
3 0.9870 277.16 281.14 317.72 319.99
6 0.9869 82.37 42.38 121.40 82.15
6 0.9866 238.23 42.38 277.38 82.13
1 0.9864 160.14 161.73 198.98 201.56
6 0.9863 2.22 42.43 43.30 82.16
6 0.9861 198.84 42.31 238.22 82.14
6 0.9861 277.24 42.29 317.34 82.13
0 0.9859 1.55 241.24 43.48 281.19
6 0.9858 43.20 42.23 82.37 82.15
5 0.9853 160.29 281.17 198.90 320.00
0 0.9851 82.30 241.20 121.53 281.18
11 0.9850 160.11 1.00 199.02 42.42
9 0.9848 121.39 281.17 160.36 320.00
9 0.9845 277.42 1.71 317.19 42.27
1 0.9833 238.14 281.15 277.22 319.98
